. Gagal
: Gagal
i Gagal
j Gagal
['_', 1, 0, 0, 2, 1, [0, 0, 1, 1]]v
['-', 1, 0, 0, 2, 1, [0, 0, 2, 0]]v
['!', 1, 0, 0, 2, 1, [0, 1, 0, 1]]
[')', 1, 0, 0, 2, 1, [0, 1, 0, 1]]v
['<', 1, 0, 0, 2, 1, [0, 1, 0, 1]]v
['I', 1, 0, 0, 2, 1, [0, 1, 0, 1]]v
['[', 1, 0, 0, 2, 1, [0, 1, 0, 1]]v
['/', 1, 0, 0, 2, 1, [0, 1, 1, 0]]v
['J', 1, 0, 0, 2, 1, [0, 1, 1, 0]]v
["'", 1, 0, 0, 2, 1, [1, 0, 0, 1]]v
['L', 1, 0, 0, 2, 1, [1, 0, 0, 1]]v
['Z', 1, 0, 0, 2, 1, [1, 0, 0, 1]]v
['\\', 1, 0, 0, 2, 1, [1, 0, 0, 1]]v
['z', 1, 0, 0, 2, 1, [1, 0, 0, 1]]v
['*', 1, 0, 0, 2, 1, [1, 0, 1, 0]]v
['7', 1, 0, 0, 2, 1, [1, 0, 1, 0]]v
['>', 1, 0, 0, 2, 1, [1, 0, 1, 0]]v
[']', 1, 0, 0, 2, 1, [1, 0, 1, 0]]v
['l', 1, 0, 0, 2, 1, [1, 0, 1, 0]]v
['|', 1, 0, 0, 2, 1, [1, 0, 1, 0]]v
['}', 1, 0, 0, 2, 1, [1, 0, 1, 0]]v
['U', 1, 0, 0, 2, 1, [1, 1, 0, 0]]v
['V', 1, 0, 0, 2, 1, [1, 1, 0, 0]]v
['W', 1, 0, 0, 2, 1, [1, 1, 0, 0]]v
['v', 1, 0, 0, 2, 1, [1, 1, 0, 0]]v
['~', 1, 0, 0, 2, 1, [1, 1, 0, 0]]v
['(', 1, 0, 0, 2, 1, [2, 0, 0, 0]]v
['`', 1, 0, 0, 2, 1, [2, 0, 0, 0]]v
['C', 1, 0, 0, 2, 2, [0, 1, 0, 1]]v
['c', 1, 0, 0, 2, 2, [0, 1, 0, 1]]v
['{', 1, 0, 0, 2, 2, [0, 1, 0, 1]]v
['S', 1, 0, 0, 2, 2, [0, 1, 1, 0]]v
['r', 1, 0, 0, 2, 2, [0, 1, 1, 0]]v
['s', 1, 0, 0, 2, 2, [0, 1, 1, 0]]v
['G', 1, 0, 0, 2, 2, [0, 2, 0, 0]]v
['1', 1, 0, 0, 2, 2, [1, 0, 0, 1]]v
['2', 1, 0, 0, 2, 2, [1, 0, 0, 1]]v
['?', 1, 0, 0, 2, 2, [1, 0, 0, 1]]v
['^', 1, 0, 0, 2, 2, [1, 1, 0, 0]]v
['u', 1, 0, 0, 2, 2, [1, 1, 0, 0]]v
['M', 1, 0, 0, 2, 3, [0, 0, 1, 1]]v
['5', 1, 0, 0, 2, 3, [0, 1, 1, 0]]v
['3', 1, 0, 0, 2, 3, [1, 0, 1, 0]]v
['g', 1, 0, 0, 2, 4, [0, 0, 1, 1]]v
['t', 1, 0, 0, 3, 3, [0, 2, 0, 1]]v
['a', 1, 0, 1, 2, 4, [1, 0, 0, 1]]v
['h', 1, 0, 1, 3, 3, [1, 0, 1, 1]]v
['T', 1, 0, 1, 3, 3, [1, 1, 1, 0]]v
['Y', 1, 0, 1, 3, 3, [1, 1, 1, 0]]v
['y', 1, 0, 1, 3, 3, [1, 1, 1, 0]]v
['E', 1, 0, 1, 3, 4, [0, 2, 0, 1]]v
['F', 1, 0, 1, 3, 4, [0, 2, 1, 0]]v
['m', 1, 0, 1, 3, 5, [0, 0, 2, 1]]v
['f', 1, 0, 1, 4, 4, [1, 2, 1, 0]]v
[',', 1, 0, 1, 4, 4, [2, 1, 1, 0]]v
['H', 1, 0, 2, 4, 5, [1, 1, 1, 1]]v
['K', 1, 0, 2, 4, 5, [1, 1, 1, 1]]v
['k', 1, 0, 2, 4, 5, [1, 1, 1, 1]]v
['0', 1, 1, 0, 0, 1, [0, 0, 0, 0]]v
['D', 1, 1, 0, 0, 1, [0, 0, 0, 0]]v
['O', 1, 1, 0, 0, 1, [0, 0, 0, 0]]v
['o', 1, 1, 0, 0, 1, [0, 0, 0, 0]]v
['Q', 1, 1, 0, 1, 2, [0, 0, 0, 1]]v
['4', 1, 1, 0, 1, 3, [0, 0, 0, 1]]v
['@', 1, 1, 0, 1, 3, [0, 0, 0, 1]]v
['e', 1, 1, 1, 1, 3, [0, 0, 0, 1]]v
['P', 1, 1, 1, 1, 3, [0, 0, 1, 0]]v
['6', 1, 1, 1, 1, 3, [0, 1, 0, 0]]v
['d', 1, 1, 1, 1, 3, [0, 1, 0, 0]]v
['b', 1, 1, 1, 1, 3, [1, 0, 0, 0]]v
['q', 1, 1, 1, 1, 4, [0, 0, 0, 1]]v
['p', 1, 1, 1, 1, 4, [0, 0, 1, 0]]v
['A', 1, 1, 2, 2, 5, [0, 0, 1, 1]]v
['R', 1, 1, 2, 2, 5, [0, 0, 1, 1]]v
['$', 1, 1, 2, 3, 7, [0, 1, 1, 1]]v
['#', 1, 1, 2, 8, 12, [2, 2, 2, 2]]v
['&', 1, 2, 1, 1, 4, [0, 0, 0, 1]]v
['8', 1, 2, 2, 0, 4, [0, 0, 0, 0]]v
['B', 1, 2, 2, 0, 4, [0, 0, 0, 0]]v
['N', 2, 0, 0, 1, 2, [0, 1, 0, 0]]v
['w', 2, 0, 0, 1, 2, [0, 1, 0, 0]]v
['=', 2, 0, 0, 2, 1, [1, 1, 0, 0]]v
['"', 2, 0, 0, 2, 1, [2, 0, 0, 0]]v
[';', 2, 0, 0, 2, 1, [2, 0, 0, 0]]v
['n', 2, 0, 1, 2, 3, [0, 0, 1, 1]]v
['+', 2, 0, 1, 4, 4, [1, 2, 0, 0]]v
['X', 2, 1, 0, 3, 3, [1, 1, 0, 1]]v
['9', 2, 1, 1, 0, 2, [0, 0, 0, 0]]v
['x', 2, 1, 1, 3, 4, [1, 1, 0, 1]]v
['%', 3, 1, 0, 0, 1, [0, 0, 0, 0]]v
