 * Environment: production
   WARNING: Do not use the development server in a production environment.
   Use a production WSGI server instead.
 * Debug mode: off
[209, 58, 362, 127] 0.7348813616637547
-------------------------------------------entering object boundary: mouth
-------------------------------------------entering object boundary: eye
=-=--=-=-=-==-=-=--=
del_x: 0
del_y: 0
density: 1
=-=--=-=-=-==-=-=--=
del_x: 2
del_y: 4
density: 7
=-=--=-=-=-==-=-=--=
del_x: 0
del_y: 0
density: 1
-------------------------------------------entering object boundary: nose
[[209, 58, 323.3, 127]]
151 196
[[33, 8, 1, 0, 0, 0, 1, 0, 4, 10, 2, 4, 0, 0, 0, 1, 0, 1, 0, 0, 0, 0, 0, 1, 1, 1, 0, 0, 1, 0, 0, 1, 11, 3, 0, 2, 0, 1, 0, 0, 10, 9, 2, 9, 0, 0, 1, 1, 0, 0, 1, 0, 1, 0, 0, 1, 0, 2, 0, 2, 0, 1, 0, 0, 5, 3, 0, 1, 1, 0, 0, 0, 1, 1, 0, 2, 0, 0, 0, 0, 2, 0, 0, 0, 1, 0, 0, 0, 0, 0, 0, 0, 0, 0, 1, 0, 5, 2, 1, 1, 1, 0, 1, 1, 12, 8, 1, 7, 1, 2, 0, 4, 0, 0, 0, 1, 2, 1, 0, 1, 0, 0, 0, 0, 0, 2, 0, 0, 1, 0, 0, 0, 0, 0, 0, 0, 0, 1, 0, 0, 0, 0, 0, 0, 2, 2, 0, 0, 0, 0, 0, 0, 0, 1, 0, 0, 1, 0, 0, 0, 0, 0, 0, 0, 1, 0, 0, 0, 0, 3, 0, 2, 0, 0, 1, 1, 0, 0, 0, 0, 0, 0, 0, 0, 0, 3, 0, 2, 0, 0, 0, 1, 0, 0, 0, 0, 0, 0, 0, 0, 2, 2, 0, 0, 2, 0, 0, 0, 1, 0, 0, 0, 0, 1, 0, 1, 0, 0, 0, 0, 0, 0, 0, 0, 2, 1, 0, 0, 0, 0, 0, 0, 3, 7, 1, 7, 0, 1, 1, 3, 0, 0, 0, 0, 1, 0, 1, 0, 3, 3, 0, 6, 0, 4, 0, 11], [22, 3, 3, 6, 2, 0, 3, 8, 4, 5, 3, 12, 1, 0, 1, 62, 5, 0, 0, 2, 1, 0, 3, 1, 1, 2, 0, 0, 0, 2, 0, 7, 2, 0, 1, 1, 0, 0, 0, 0, 1, 2, 1, 2, 0, 0, 0, 6, 0, 0, 0, 0, 0, 1, 0, 2, 0, 0, 0, 1, 0, 0, 1, 3, 1, 1, 2, 1, 1, 0, 0, 2, 0, 1, 0, 0, 0, 0, 0, 0, 0, 0, 0, 0, 1, 0, 0, 1, 0, 0, 0, 0, 0, 0, 0, 0, 0, 0, 0, 1, 0, 1, 2, 1, 2, 1, 0, 3, 0, 0, 0, 4, 1, 0, 0, 0, 0, 0, 1, 0, 0, 1, 0, 0, 0, 0, 0, 0, 1, 0, 0, 0, 0, 0, 0, 1, 1, 0, 0, 1, 0, 1, 0, 3, 0, 0, 0, 0, 3, 2, 0, 0, 0, 0, 0, 0, 0, 0, 0, 2, 0, 0, 0, 0, 0, 0, 0, 0, 0, 0, 0, 1, 0, 0, 0, 2, 1, 0, 0, 0, 1, 0, 0, 1, 0, 0, 0, 1, 0, 1, 0, 5, 1, 0, 0, 0, 1, 0, 0, 0, 0, 0, 0, 0, 0, 0, 0, 0, 2, 0, 0, 0, 2, 2, 5, 3, 0, 0, 0, 0, 0, 0, 0, 1, 0, 0, 0, 0, 0, 0, 0, 0, 1, 0, 0, 1, 0, 0, 0, 4, 2, 2, 0, 1, 2, 0, 0, 0, 0, 0, 0, 2, 0, 3, 0, 10], [16, 3, 2, 8, 4, 0, 3, 12, 11, 6, 2, 11, 1, 0, 1, 74, 1, 0, 0, 2, 3, 0, 0, 1, 0, 1, 0, 2, 0, 1, 0, 10, 1, 1, 0, 0, 0, 0, 1, 2, 2, 8, 0, 8, 0, 0, 0, 9, 1, 0, 0, 0, 0, 0, 0, 0, 0, 0, 0, 0, 0, 0, 0, 4, 1, 2, 0, 2, 0, 0, 0, 1, 0, 0, 0, 1, 0, 0, 0, 2, 0, 0, 0, 0, 0, 0, 0, 0, 0, 0, 0, 0, 0, 1, 0, 0, 1, 0, 1, 0, 0, 0, 1, 0, 2, 1, 0, 5, 0, 0, 0, 4, 0, 0, 0, 0, 1, 0, 0, 0, 0, 0, 0, 0, 0, 0, 0, 1, 0, 0, 0, 0, 0, 0, 0, 1, 0, 0, 0, 2, 0, 0, 0, 1, 0, 0, 0, 0, 0, 0, 0, 0, 0, 0, 0, 0, 0, 0, 0, 1, 0, 0, 0, 0, 0, 0, 0, 0, 0, 0, 0, 0, 0, 0, 0, 3, 0, 0, 0, 0, 0, 0, 0, 0, 1, 0, 0, 0, 0, 0, 0, 2, 1, 0, 0, 0, 0, 0, 0, 1, 0, 0, 0, 0, 0, 0, 0, 0, 1, 0, 0, 0, 0, 0, 0, 0, 0, 0, 0, 0, 0, 0, 0, 1, 0, 0, 0, 0, 0, 0, 0, 0, 0, 2, 0, 2, 0, 0, 0, 2, 7, 0, 0, 0, 1, 0, 0, 2, 0, 7, 0, 1, 0, 2, 0, 5], [14, 4, 0, 10, 1, 1, 2, 17, 8, 10, 0, 9, 1, 1, 0, 56, 1, 0, 0, 1, 2, 1, 2, 8, 0, 0, 0, 0, 0, 0, 0, 14, 0, 0, 0, 0, 1, 0, 0, 1, 6, 5, 1, 1, 0, 0, 0, 4, 0, 0, 0, 0, 0, 0, 0, 0, 1, 2, 0, 1, 0, 0, 0, 2, 3, 0, 0, 0, 0, 0, 0, 0, 1, 0, 0, 0, 0, 0, 0, 0, 0, 0, 0, 0, 0, 0, 1, 0, 0, 0, 0, 0, 0, 0, 0, 0, 3, 0, 0, 0, 0, 0, 0, 0, 9, 7, 0, 5, 0, 0, 0, 7, 1, 0, 0, 0, 1, 0, 0, 0, 0, 0, 0, 0, 0, 0, 0, 0, 0, 0, 0, 0, 0, 0, 0, 0, 0, 0, 0, 0, 0, 0, 0, 0, 0, 0, 0, 0, 0, 0, 0, 2, 0, 1, 0, 0, 0, 0, 0, 0, 0, 0, 0, 0, 0, 0, 0, 2, 1, 1, 0, 0, 0, 0, 0, 0, 0, 0, 0, 0, 0, 0, 0, 0, 0, 0, 0, 0, 1, 0, 0, 0, 1, 0, 0, 0, 0, 0, 0, 0, 0, 0, 0, 0, 0, 0, 0, 0, 1, 0, 0, 0, 0, 0, 0, 0, 0, 0, 0, 0, 0, 0, 0, 0, 3, 2, 0, 0, 0, 0, 0, 1, 9, 4, 0, 0, 0, 0, 0, 9, 3, 0, 0, 1, 1, 0, 0, 4, 5, 2, 0, 1, 0, 1, 0, 3], [15, 7, 2, 3, 3, 1, 3, 56, 7, 1, 0, 5, 1, 1, 0, 30, 4, 0, 2, 1, 0, 0, 1, 38, 0, 0, 0, 1, 0, 1, 0, 26, 0, 0, 0, 1, 0, 0, 0, 1, 1, 0, 0, 1, 0, 0, 0, 2, 1, 0, 0, 0, 0, 0, 0, 1, 0, 0, 0, 0, 0, 0, 0, 1, 0, 0, 0, 1, 0, 0, 0, 0, 2, 1, 0, 0, 0, 0, 0, 0, 0, 0, 0, 0, 0, 0, 0, 1, 0, 0, 0, 0, 0, 0, 0, 0, 0, 0, 0, 0, 1, 0, 0, 2, 1, 1, 0, 1, 0, 1, 0, 0, 0, 0, 0, 0, 0, 0, 0, 1, 1, 0, 0, 0, 0, 0, 0, 0, 1, 0, 0, 0, 0, 0, 0, 0, 1, 0, 0, 0, 0, 0, 0, 0, 0, 0, 0, 0, 0, 0, 0, 1, 0, 0, 0, 0, 0, 0, 0, 2, 0, 0, 0, 0, 0, 0, 0, 0, 0, 0, 0, 0, 0, 0, 0, 1, 0, 0, 0, 0, 0, 0, 0, 0, 0, 0, 0, 0, 1, 0, 0, 1, 0, 0, 0, 0, 0, 0, 0, 0, 0, 0, 0, 0, 0, 0, 0, 1, 0, 0, 0, 0, 0, 0, 0, 0, 0, 0, 0, 0, 0, 0, 0, 0, 6, 0, 0, 0, 0, 0, 0, 5, 13, 0, 0, 0, 0, 1, 0, 7, 0, 0, 0, 0, 0, 0, 0, 2, 3, 0, 0, 0, 0, 1, 0, 6], [13, 1, 3, 6, 2, 1, 3, 37, 2, 3, 1, 1, 0, 0, 0, 13, 7, 0, 0, 1, 4, 1, 5, 70, 3, 0, 0, 0, 1, 0, 0, 19, 2, 0, 0, 0, 0, 0, 1, 1, 1, 1, 0, 1, 0, 0, 0, 2, 0, 0, 0, 0, 0, 0, 0, 1, 0, 0, 0, 0, 0, 1, 0, 2, 2, 0, 0, 0, 0, 0, 1, 0, 0, 0, 0, 0, 0, 0, 0, 0, 0, 0, 0, 0, 2, 0, 0, 0, 0, 0, 0, 0, 0, 0, 0, 0, 1, 0, 0, 0, 0, 0, 0, 2, 2, 2, 0, 0, 0, 1, 0, 2, 0, 0, 0, 0, 0, 0, 0, 1, 0, 1, 0, 0, 0, 0, 0, 0, 1, 0, 0, 0, 0, 0, 0, 2, 0, 0, 0, 0, 0, 0, 0, 0, 1, 0, 0, 0, 0, 0, 0, 0, 0, 0, 0, 0, 0, 0, 0, 3, 0, 0, 0, 0, 0, 0, 0, 0, 0, 0, 0, 1, 0, 0, 0, 0, 0, 0, 0, 0, 1, 0, 0, 1, 0, 0, 0, 0, 0, 0, 0, 5, 1, 0, 0, 0, 0, 0, 0, 2, 0, 0, 0, 1, 0, 0, 0, 0, 3, 1, 0, 0, 0, 0, 0, 5, 0, 0, 0, 0, 0, 0, 0, 0, 1, 0, 0, 0, 1, 0, 0, 1, 3, 0, 0, 1, 0, 0, 1, 7, 0, 0, 0, 0, 1, 0, 2, 3, 1, 2, 0, 1, 1, 1, 0, 3], [15, 3, 2, 3, 5, 1, 4, 11, 1, 1, 1, 1, 0, 1, 0, 5, 2, 1, 3, 0, 2, 1, 17, 53, 1, 2, 0, 1, 0, 0, 1, 5, 3, 0, 0, 0, 1, 0, 0, 0, 1, 0, 2, 1, 0, 0, 0, 0, 0, 0, 0, 0, 1, 0, 0, 3, 0, 0, 0, 0, 0, 0, 0, 1, 1, 2, 1, 0, 2, 0, 0, 0, 1, 2, 0, 0, 0, 0, 0, 0, 2, 0, 0, 0, 0, 0, 0, 0, 0, 0, 0, 0, 0, 0, 0, 0, 2, 0, 0, 0, 0, 0, 0, 1, 1, 1, 1, 0, 0, 2, 0, 0, 0, 0, 0, 0, 2, 0, 1, 2, 0, 1, 0, 0, 0, 0, 0, 1, 4, 1, 0, 0, 0, 0, 0, 0, 0, 0, 0, 1, 0, 0, 0, 1, 3, 0, 2, 0, 1, 0, 2, 10, 0, 0, 0, 0, 0, 0, 1, 1, 0, 0, 0, 0, 0, 0, 0, 0, 0, 1, 0, 1, 0, 0, 1, 0, 0, 0, 1, 0, 1, 0, 0, 0, 1, 0, 0, 0, 0, 0, 1, 4, 0, 0, 0, 0, 0, 0, 0, 0, 2, 0, 0, 0, 0, 0, 0, 0, 2, 0, 0, 0, 1, 1, 2, 4, 0, 0, 0, 0, 1, 0, 0, 2, 1, 0, 0, 1, 0, 0, 1, 0, 1, 1, 0, 0, 0, 1, 0, 5, 2, 0, 0, 0, 3, 0, 4, 5, 3, 3, 0, 1, 2, 6, 2, 8], [27, 1, 2, 1, 3, 0, 2, 2, 1, 1, 1, 3, 1, 0, 0, 0, 9, 0, 0, 1, 4, 0, 4, 11, 1, 4, 0, 0, 0, 0, 1, 3, 6, 0, 1, 0, 0, 0, 1, 0, 0, 1, 2, 1, 0, 0, 0, 2, 0, 0, 0, 0, 0, 0, 0, 1, 0, 0, 0, 0, 0, 0, 0, 1, 7, 0, 1, 1, 4, 0, 0, 1, 0, 0, 0, 1, 0, 0, 0, 0, 2, 0, 1, 0, 3, 0, 0, 2, 0, 0, 0, 0, 0, 0, 0, 0, 3, 0, 0, 0, 0, 0, 0, 0, 0, 3, 0, 1, 0, 3, 0, 0, 1, 0, 0, 0, 1, 1, 0, 0, 0, 1, 0, 0, 0, 0, 2, 0, 5, 0, 1, 1, 0, 0, 1, 0, 0, 1, 0, 1, 0, 0, 0, 1, 1, 2, 4, 2, 5, 0, 4, 2, 0, 0, 0, 0, 2, 0, 0, 3, 0, 0, 0, 0, 0, 0, 0, 0, 0, 1, 0, 2, 0, 1, 0, 2, 0, 0, 0, 0, 1, 0, 1, 1, 1, 0, 0, 0, 0, 1, 1, 3, 3, 0, 1, 0, 0, 0, 0, 0, 0, 0, 0, 0, 0, 0, 0, 0, 1, 0, 1, 1, 4, 2, 3, 2, 0, 0, 0, 0, 1, 0, 0, 2, 1, 0, 1, 0, 0, 0, 3, 0, 3, 1, 0, 1, 1, 2, 1, 2, 0, 2, 0, 0, 3, 0, 4, 9, 2, 3, 0, 7, 6, 6, 3, 14], [25, 1, 5, 4, 2, 0, 0, 3, 6, 1, 0, 3, 0, 0, 0, 2, 7, 0, 0, 0, 4, 0, 0, 7, 1, 4, 0, 0, 0, 3, 0, 3, 4, 0, 1, 0, 1, 0, 0, 0, 0, 3, 2, 3, 0, 0, 1, 1, 0, 0, 0, 0, 0, 0, 1, 3, 0, 0, 1, 0, 0, 0, 2, 0, 4, 4, 1, 0, 2, 0, 1, 0, 0, 1, 0, 1, 0, 0, 0, 0, 0, 0, 0, 0, 6, 0, 1, 0, 0, 0, 0, 0, 0, 0, 0, 0, 2, 0, 0, 0, 1, 0, 0, 1, 2, 4, 0, 1, 0, 1, 0, 1, 1, 0, 0, 0, 3, 0, 0, 0, 0, 0, 0, 0, 0, 1, 0, 3, 2, 0, 0, 2, 0, 0, 0, 0, 3, 0, 0, 1, 0, 0, 0, 0, 2, 0, 2, 1, 3, 0, 3, 0, 0, 0, 0, 0, 0, 0, 1, 0, 0, 0, 0, 0, 0, 0, 0, 0, 0, 0, 0, 1, 1, 0, 0, 2, 1, 0, 0, 0, 1, 1, 1, 0, 0, 1, 0, 0, 1, 0, 0, 4, 1, 0, 2, 0, 1, 0, 0, 0, 0, 0, 1, 0, 0, 0, 0, 0, 3, 0, 0, 1, 3, 2, 5, 2, 0, 0, 0, 0, 2, 0, 1, 5, 2, 0, 2, 0, 0, 0, 0, 2, 4, 1, 0, 1, 0, 1, 1, 6, 9, 1, 0, 0, 1, 0, 1, 4, 1, 3, 0, 5, 2, 16, 2, 11], [25, 0, 5, 1, 10, 0, 0, 2, 1, 0, 1, 3, 2, 0, 1, 0, 8, 1, 2, 1, 7, 2, 5, 3, 0, 0, 1, 0, 0, 1, 0, 1, 6, 0, 0, 0, 0, 0, 1, 0, 1, 2, 1, 1, 0, 0, 1, 1, 0, 0, 0, 0, 0, 0, 0, 0, 0, 0, 0, 0, 1, 0, 0, 1, 6, 2, 0, 1, 0, 0, 0, 0, 1, 0, 0, 2, 0, 0, 0, 1, 1, 0, 0, 0, 4, 0, 1, 0, 0, 0, 0, 0, 0, 0, 0, 0, 0, 0, 0, 0, 1, 0, 0, 0, 0, 2, 0, 0, 0, 1, 1, 0, 5, 0, 0, 1, 1, 0, 0, 0, 0, 0, 0, 0, 0, 0, 1, 0, 5, 1, 1, 0, 3, 0, 0, 1, 1, 0, 0, 1, 1, 0, 0, 0, 5, 1, 0, 0, 8, 0, 6, 5, 0, 0, 0, 0, 0, 0, 0, 4, 0, 0, 0, 0, 0, 0, 0, 0, 0, 0, 0, 2, 0, 0, 0, 1, 0, 0, 0, 0, 1, 0, 0, 1, 0, 1, 0, 1, 1, 1, 1, 2, 3, 0, 0, 0, 1, 0, 1, 1, 1, 0, 0, 0, 0, 0, 0, 0, 8, 2, 0, 0, 12, 0, 7, 3, 0, 0, 0, 1, 1, 0, 2, 3, 0, 0, 0, 1, 0, 0, 0, 0, 0, 1, 0, 2, 0, 1, 2, 1, 5, 1, 1, 2, 3, 2, 4, 4, 0, 2, 1, 2, 3, 2, 2, 11], [16, 5, 2, 9, 2, 0, 2, 1, 7, 12, 1, 16, 0, 0, 0, 7, 2, 0, 0, 1, 1, 0, 0, 3, 0, 4, 0, 0, 0, 0, 0, 0, 2, 1, 0, 0, 0, 0, 0, 0, 5, 26, 1, 31, 0, 2, 1, 15, 0, 0, 0, 0, 0, 0, 0, 0, 0, 2, 0, 1, 0, 0, 0, 2, 2, 1, 1, 0, 0, 0, 0, 0, 0, 1, 0, 0, 0, 0, 0, 0, 0, 0, 0, 0, 0, 0, 0, 0, 0, 0, 0, 0, 0, 0, 0, 0, 2, 2, 1, 2, 1, 1, 0, 1, 3, 7, 0, 17, 0, 1, 1, 8, 0, 0, 0, 0, 0, 1, 0, 0, 0, 0, 0, 0, 0, 0, 0, 3, 0, 0, 0, 0, 0, 0, 0, 1, 0, 0, 0, 0, 0, 0, 0, 0, 1, 0, 0, 0, 0, 0, 0, 2, 0, 1, 0, 1, 0, 0, 0, 0, 0, 0, 0, 0, 0, 1, 0, 0, 2, 1, 0, 0, 0, 0, 0, 1, 0, 0, 0, 0, 0, 0, 0, 0, 0, 0, 0, 0, 0, 0, 0, 5, 1, 0, 0, 0, 0, 0, 0, 0, 0, 0, 0, 0, 0, 0, 0, 0, 1, 0, 0, 0, 1, 0, 0, 1, 0, 3, 0, 0, 0, 0, 0, 0, 0, 1, 0, 0, 0, 0, 0, 0, 0, 2, 0, 3, 0, 0, 0, 6, 0, 0, 0, 0, 1, 0, 0, 1, 0, 0, 0, 3, 1, 0, 0, 8], [19, 1, 2, 5, 2, 0, 3, 6, 9, 6, 2, 28, 0, 1, 1, 32, 1, 0, 0, 0, 2, 1, 2, 0, 0, 0, 0, 0, 0, 0, 0, 2, 6, 2, 0, 1, 0, 0, 0, 1, 4, 15, 0, 19, 1, 0, 1, 11, 0, 0, 0, 0, 2, 0, 0, 0, 0, 1, 0, 0, 0, 1, 1, 0, 3, 0, 0, 0, 0, 0, 0, 0, 0, 1, 0, 0, 0, 0, 0, 0, 0, 0, 0, 0, 0, 0, 0, 0, 0, 0, 0, 0, 0, 0, 0, 0, 1, 0, 0, 0, 0, 0, 0, 0, 4, 16, 0, 10, 0, 0, 0, 4, 0, 0, 0, 0, 0, 0, 0, 0, 1, 3, 0, 0, 1, 1, 0, 3, 0, 0, 0, 0, 0, 0, 1, 0, 0, 0, 0, 1, 1, 0, 0, 0, 0, 0, 0, 0, 0, 0, 0, 1, 0, 0, 0, 0, 0, 0, 0, 1, 0, 0, 0, 0, 0, 0, 0, 0, 0, 1, 0, 0, 0, 0, 0, 0, 0, 0, 0, 0, 1, 0, 0, 0, 0, 1, 1, 0, 0, 0, 0, 1, 3, 0, 0, 0, 0, 0, 2, 0, 0, 0, 0, 0, 0, 0, 0, 0, 1, 0, 0, 0, 0, 1, 0, 2, 0, 0, 0, 0, 0, 1, 0, 2, 1, 0, 1, 1, 0, 0, 0, 0, 1, 5, 0, 4, 0, 2, 1, 2, 2, 0, 0, 0, 1, 0, 0, 2, 0, 1, 0, 0, 0, 0, 0, 0], [11, 0, 2, 1, 6, 1, 8, 1, 0, 2, 1, 1, 0, 1, 1, 3, 2, 0, 0, 0, 4, 0, 4, 0, 0, 0, 0, 0, 0, 0, 1, 2, 1, 0, 0, 0, 0, 0, 0, 0, 1, 17, 0, 7, 0, 0, 0, 2, 0, 0, 0, 0, 0, 0, 0, 0, 0, 0, 0, 0, 0, 0, 0, 1, 8, 0, 0, 0, 1, 0, 1, 0, 0, 0, 0, 0, 0, 0, 0, 0, 0, 0, 0, 0, 1, 0, 0, 0, 0, 0, 0, 0, 0, 0, 0, 0, 5, 0, 1, 0, 0, 0, 0, 0, 6, 38, 0, 5, 0, 0, 0, 2, 0, 0, 0, 0, 1, 0, 0, 0, 0, 0, 0, 0, 0, 0, 0, 0, 4, 0, 0, 0, 1, 0, 0, 0, 1, 0, 1, 0, 0, 0, 0, 1, 2, 0, 3, 0, 4, 0, 9, 4, 0, 0, 0, 0, 0, 0, 0, 5, 0, 0, 0, 0, 0, 0, 0, 0, 0, 0, 0, 0, 0, 0, 0, 1, 1, 0, 1, 0, 2, 0, 0, 1, 0, 0, 0, 0, 1, 2, 2, 3, 0, 0, 0, 0, 0, 0, 0, 1, 0, 0, 0, 0, 0, 0, 0, 1, 2, 2, 0, 0, 23, 3, 5, 1, 0, 0, 0, 1, 0, 1, 1, 1, 0, 0, 0, 0, 0, 0, 0, 0, 0, 9, 0, 3, 0, 0, 0, 0, 3, 1, 0, 0, 2, 0, 1, 0, 3, 3, 0, 0, 2, 12, 0, 5], [11, 2, 4, 3, 0, 0, 7, 6, 2, 2, 0, 5, 0, 1, 0, 4, 2, 0, 0, 1, 3, 0, 6, 6, 0, 0, 0, 0, 0, 0, 0, 0, 3, 0, 0, 1, 0, 0, 0, 0, 7, 9, 1, 8, 0, 0, 0, 2, 0, 0, 0, 0, 0, 0, 0, 0, 0, 0, 0, 0, 0, 0, 0, 2, 4, 1, 1, 0, 0, 1, 0, 0, 0, 1, 0, 0, 0, 0, 0, 0, 0, 0, 0, 0, 0, 0, 2, 0, 0, 0, 0, 0, 0, 0, 0, 1, 3, 0, 0, 0, 0, 0, 0, 0, 8, 29, 0, 7, 0, 0, 0, 3, 0, 0, 0, 0, 0, 0, 0, 0, 0, 0, 0, 0, 0, 0, 0, 0, 0, 0, 1, 0, 0, 0, 0, 0, 0, 0, 1, 1, 0, 0, 0, 0, 1, 0, 0, 0, 6, 1, 9, 4, 0, 0, 0, 1, 0, 0, 0, 0, 1, 0, 0, 0, 0, 0, 0, 0, 0, 0, 0, 1, 0, 0, 0, 0, 0, 0, 0, 0, 0, 0, 0, 0, 0, 0, 0, 2, 0, 0, 0, 3, 3, 0, 0, 0, 0, 0, 0, 0, 0, 0, 0, 0, 0, 0, 0, 0, 3, 0, 0, 0, 24, 1, 1, 2, 0, 0, 0, 0, 1, 2, 0, 2, 2, 0, 0, 0, 0, 0, 0, 0, 6, 11, 0, 2, 1, 0, 0, 0, 3, 0, 0, 0, 9, 0, 2, 0, 2, 4, 0, 0, 4, 4, 1, 4], [17, 8, 2, 4, 0, 1, 1, 1, 6, 6, 0, 5, 0, 0, 0, 2, 0, 0, 0, 0, 0, 0, 0, 0, 0, 0, 0, 0, 0, 0, 0, 2, 12, 2, 0, 0, 0, 0, 0, 0, 16, 15, 0, 4, 1, 1, 1, 5, 0, 0, 0, 0, 0, 0, 0, 0, 1, 1, 0, 0, 0, 0, 0, 3, 4, 1, 0, 0, 0, 0, 0, 0, 0, 2, 0, 0, 0, 0, 0, 0, 0, 0, 0, 0, 0, 0, 0, 0, 0, 0, 0, 0, 0, 0, 0, 0, 10, 2, 0, 0, 0, 0, 1, 0, 29, 36, 0, 8, 0, 0, 0, 2, 0, 0, 0, 0, 0, 0, 0, 0, 1, 0, 0, 0, 0, 0, 0, 1, 1, 0, 0, 1, 0, 0, 0, 0, 2, 1, 0, 0, 0, 0, 0, 0, 0, 0, 0, 0, 0, 0, 0, 0, 0, 0, 0, 0, 0, 0, 0, 1, 1, 0, 0, 0, 0, 0, 0, 0, 1, 0, 1, 0, 0, 0, 0, 0, 0, 1, 0, 0, 0, 0, 0, 0, 0, 0, 0, 0, 0, 0, 0, 0, 1, 0, 0, 0, 0, 0, 0, 0, 1, 0, 0, 1, 0, 0, 0, 0, 4, 0, 0, 0, 0, 0, 0, 0, 0, 0, 0, 0, 0, 0, 0, 0, 2, 1, 0, 0, 0, 0, 0, 0, 2, 18, 0, 6, 1, 1, 0, 0, 5, 2, 0, 0, 0, 1, 0, 0, 3, 3, 2, 5, 0, 0, 0, 2], [36, 1, 3, 1, 5, 0, 4, 6, 1, 3, 1, 1, 1, 1, 0, 1, 6, 0, 1, 1, 8, 0, 9, 7, 0, 0, 0, 0, 0, 1, 0, 1, 2, 2, 0, 0, 0, 0, 0, 0, 3, 1, 0, 2, 0, 1, 0, 1, 1, 0, 0, 0, 0, 0, 0, 0, 2, 0, 0, 0, 0, 1, 0, 2, 1, 0, 1, 0, 0, 0, 0, 0, 1, 2, 0, 1, 0, 0, 0, 0, 1, 1, 0, 0, 1, 0, 1, 0, 0, 0, 0, 0, 0, 0, 0, 1, 4, 0, 0, 0, 0, 0, 0, 0, 3, 3, 0, 0, 0, 0, 0, 0, 1, 0, 0, 0, 1, 0, 0, 0, 0, 0, 0, 0, 0, 0, 0, 0, 8, 1, 0, 1, 0, 0, 0, 0, 0, 0, 0, 0, 0, 0, 1, 0, 11, 0, 0, 0, 16, 0, 4, 6, 0, 0, 0, 0, 0, 0, 1, 2, 1, 0, 0, 0, 0, 0, 0, 0, 1, 0, 0, 0, 1, 0, 0, 0, 0, 0, 0, 0, 1, 0, 0, 0, 0, 0, 0, 0, 0, 0, 0, 2, 5, 1, 0, 0, 2, 0, 0, 0, 0, 0, 0, 0, 0, 0, 0, 0, 9, 0, 0, 1, 11, 1, 8, 3, 0, 0, 1, 0, 1, 0, 1, 1, 6, 0, 0, 1, 0, 0, 0, 0, 5, 2, 0, 0, 0, 1, 1, 1, 6, 0, 0, 0, 4, 0, 2, 1, 2, 1, 0, 4, 3, 0, 0, 3], [24, 2, 10, 3, 14, 3, 6, 10, 2, 1, 1, 2, 0, 2, 0, 4, 9, 1, 2, 0, 11, 3, 17, 13, 1, 0, 0, 0, 1, 0, 3, 7, 0, 0, 0, 0, 0, 0, 0, 0, 0, 0, 0, 1, 0, 0, 0, 1, 0, 0, 0, 0, 0, 0, 0, 0, 0, 0, 0, 0, 0, 0, 0, 1, 1, 0, 0, 1, 0, 0, 0, 1, 0, 0, 0, 0, 0, 0, 0, 0, 1, 0, 0, 0, 3, 1, 1, 1, 0, 0, 0, 0, 0, 0, 0, 0, 0, 0, 0, 0, 0, 0, 0, 0, 0, 0, 0, 0, 0, 0, 0, 1, 0, 0, 0, 0, 0, 0, 0, 0, 0, 0, 0, 0, 0, 0, 0, 1, 5, 0, 1, 0, 0, 1, 3, 1, 1, 0, 0, 0, 1, 0, 0, 0, 7, 0, 2, 1, 5, 0, 8, 13, 1, 0, 0, 0, 2, 0, 2, 8, 1, 0, 0, 0, 0, 0, 1, 0, 0, 0, 0, 0, 0, 0, 0, 2, 0, 0, 0, 0, 0, 0, 0, 2, 0, 0, 0, 0, 0, 0, 0, 1, 2, 1, 0, 1, 4, 0, 2, 0, 1, 0, 0, 0, 0, 0, 0, 0, 2, 0, 0, 0, 2, 1, 4, 3, 0, 0, 0, 0, 0, 0, 1, 3, 0, 0, 1, 0, 1, 0, 0, 0, 0, 0, 0, 0, 0, 0, 0, 1, 0, 0, 1, 0, 2, 0, 1, 5, 0, 0, 0, 0, 1, 0, 3, 6], [13, 0, 0, 0, 2, 1, 3, 4, 1, 0, 0, 0, 0, 0, 0, 0, 2, 0, 0, 0, 14, 0, 31, 23, 0, 0, 0, 0, 0, 0, 0, 3, 1, 0, 0, 0, 0, 0, 0, 0, 1, 0, 0, 0, 0, 0, 0, 0, 0, 0, 0, 0, 0, 0, 2, 1, 0, 0, 0, 0, 0, 0, 0, 1, 2, 0, 0, 0, 1, 0, 1, 0, 0, 0, 0, 0, 0, 0, 0, 0, 1, 0, 0, 0, 0, 0, 0, 0, 0, 0, 0, 0, 0, 0, 0, 0, 1, 0, 0, 0, 0, 0, 0, 0, 0, 0, 0, 0, 0, 0, 0, 0, 0, 0, 0, 0, 1, 0, 1, 1, 0, 0, 0, 0, 0, 0, 0, 1, 4, 0, 0, 0, 2, 1, 1, 0, 0, 0, 0, 0, 0, 0, 0, 0, 8, 1, 0, 0, 18, 0, 44, 22, 0, 0, 0, 0, 0, 1, 0, 0, 0, 0, 0, 0, 0, 0, 1, 0, 0, 0, 0, 0, 0, 0, 1, 0, 0, 0, 0, 0, 0, 0, 0, 1, 0, 0, 0, 1, 0, 0, 0, 1, 2, 0, 1, 0, 1, 0, 0, 1, 0, 0, 0, 0, 0, 0, 0, 0, 1, 1, 1, 1, 10, 1, 14, 2, 2, 0, 0, 0, 1, 0, 1, 0, 1, 0, 0, 0, 0, 0, 0, 0, 2, 0, 0, 0, 0, 0, 0, 0, 1, 2, 0, 0, 6, 0, 4, 1, 0, 0, 0, 2, 1, 0, 1, 4], [16, 4, 5, 2, 7, 0, 2, 11, 5, 5, 2, 4, 0, 0, 0, 9, 4, 0, 1, 0, 1, 1, 9, 20, 0, 1, 0, 0, 0, 0, 3, 10, 0, 0, 1, 0, 2, 0, 0, 1, 2, 0, 3, 1, 1, 0, 0, 3, 1, 0, 0, 0, 1, 0, 1, 1, 0, 0, 0, 0, 0, 0, 0, 0, 4, 0, 0, 1, 1, 0, 0, 0, 1, 1, 0, 0, 0, 0, 0, 0, 1, 0, 0, 0, 1, 0, 1, 2, 0, 0, 0, 0, 0, 0, 0, 1, 2, 0, 0, 0, 0, 0, 0, 0, 2, 2, 0, 0, 3, 0, 0, 0, 2, 0, 0, 0, 1, 0, 0, 0, 0, 0, 0, 0, 0, 0, 0, 3, 2, 0, 0, 0, 0, 0, 0, 0, 0, 0, 0, 0, 0, 1, 0, 0, 0, 0, 2, 0, 3, 0, 3, 4, 0, 0, 0, 0, 0, 0, 0, 1, 0, 0, 0, 0, 0, 0, 0, 0, 1, 0, 1, 1, 0, 0, 0, 2, 1, 0, 0, 0, 0, 0, 1, 0, 1, 0, 0, 0, 1, 0, 0, 3, 1, 0, 1, 0, 0, 0, 0, 0, 0, 0, 0, 0, 0, 1, 0, 1, 5, 1, 0, 0, 2, 2, 2, 3, 0, 0, 0, 0, 2, 0, 0, 4, 0, 0, 0, 0, 0, 0, 0, 1, 6, 0, 2, 0, 1, 1, 3, 3, 5, 4, 0, 0, 2, 1, 1, 8, 0, 0, 0, 6, 1, 4, 3, 11], [14, 6, 4, 6, 1, 4, 4, 19, 2, 6, 1, 4, 1, 2, 0, 43, 4, 0, 0, 2, 1, 1, 0, 22, 1, 0, 1, 0, 0, 1, 2, 13, 0, 0, 2, 0, 0, 0, 0, 0, 0, 2, 0, 1, 0, 1, 0, 5, 0, 0, 0, 0, 0, 0, 0, 3, 0, 0, 0, 1, 0, 0, 0, 4, 1, 0, 0, 0, 0, 0, 0, 0, 1, 0, 0, 0, 0, 1, 1, 1, 2, 0, 0, 0, 4, 0, 0, 0, 0, 0, 0, 0, 0, 0, 0, 2, 0, 0, 0, 0, 1, 0, 1, 0, 0, 0, 0, 0, 0, 0, 0, 2, 0, 0, 0, 0, 0, 0, 0, 1, 0, 0, 0, 0, 0, 0, 0, 4, 3, 2, 0, 0, 0, 0, 0, 0, 0, 0, 0, 0, 0, 0, 0, 0, 3, 0, 1, 0, 1, 0, 0, 2, 0, 0, 0, 0, 0, 0, 0, 3, 0, 0, 0, 0, 0, 0, 0, 1, 0, 0, 0, 1, 0, 0, 0, 1, 0, 0, 0, 0, 1, 0, 0, 1, 0, 0, 0, 0, 0, 0, 1, 0, 1, 0, 0, 0, 1, 1, 0, 0, 0, 0, 0, 0, 0, 0, 0, 1, 5, 1, 0, 0, 12, 1, 0, 3, 0, 0, 1, 1, 1, 0, 0, 2, 1, 0, 0, 0, 1, 0, 0, 2, 1, 0, 0, 0, 0, 1, 0, 1, 0, 0, 0, 0, 3, 0, 3, 3, 0, 1, 2, 1, 0, 1, 0, 6], [22, 3, 2, 8, 1, 1, 0, 1, 6, 10, 1, 23, 0, 1, 0, 6, 3, 0, 0, 0, 0, 0, 0, 1, 0, 0, 0, 0, 0, 1, 0, 2, 2, 1, 2, 2, 1, 0, 0, 1, 4, 14, 1, 23, 0, 1, 1, 10, 0, 0, 1, 1, 0, 0, 0, 1, 1, 0, 0, 1, 1, 1, 0, 5, 2, 1, 0, 1, 0, 0, 2, 1, 0, 1, 0, 1, 0, 0, 0, 0, 2, 0, 0, 0, 0, 0, 0, 0, 0, 0, 0, 0, 0, 0, 0, 1, 1, 0, 0, 2, 0, 0, 1, 0, 4, 13, 0, 12, 0, 1, 0, 9, 0, 0, 0, 0, 0, 0, 1, 0, 0, 0, 0, 1, 0, 1, 0, 5, 1, 0, 0, 0, 0, 0, 0, 0, 0, 0, 0, 0, 0, 0, 0, 0, 0, 1, 0, 0, 0, 0, 0, 1, 0, 0, 0, 0, 0, 1, 0, 0, 0, 0, 0, 0, 0, 0, 0, 0, 0, 0, 0, 2, 0, 0, 0, 3, 0, 0, 0, 0, 0, 0, 0, 0, 0, 2, 0, 1, 0, 0, 0, 4, 0, 0, 0, 0, 0, 0, 0, 0, 0, 0, 0, 0, 0, 0, 0, 0, 1, 0, 0, 1, 0, 0, 0, 1, 0, 1, 0, 0, 0, 0, 0, 0, 2, 0, 0, 1, 0, 0, 0, 0, 3, 1, 0, 1, 0, 4, 0, 6, 1, 0, 0, 0, 0, 0, 1, 0, 1, 2, 0, 3, 0, 3, 0, 6], [20, 5, 7, 9, 1, 0, 3, 5, 4, 9, 2, 9, 0, 0, 1, 8, 1, 0, 0, 0, 2, 0, 1, 2, 0, 0, 0, 1, 0, 0, 1, 1, 4, 3, 0, 0, 0, 0, 0, 1, 3, 17, 0, 32, 0, 0, 1, 6, 0, 0, 0, 0, 0, 0, 0, 0, 0, 1, 0, 0, 0, 1, 0, 6, 1, 0, 0, 1, 0, 1, 1, 0, 0, 2, 0, 0, 0, 0, 0, 0, 0, 0, 0, 0, 0, 0, 0, 0, 0, 0, 0, 0, 0, 0, 0, 1, 5, 0, 0, 0, 0, 0, 0, 0, 3, 29, 0, 15, 0, 1, 0, 3, 0, 0, 0, 1, 1, 0, 0, 0, 0, 0, 0, 0, 0, 0, 0, 3, 0, 0, 0, 1, 0, 0, 0, 0, 0, 0, 0, 0, 0, 0, 0, 1, 0, 0, 0, 0, 1, 0, 0, 3, 0, 0, 0, 0, 0, 0, 0, 1, 0, 0, 0, 0, 0, 0, 0, 0, 0, 1, 0, 2, 0, 0, 0, 1, 0, 0, 0, 0, 0, 0, 1, 0, 0, 0, 0, 1, 0, 3, 0, 4, 0, 0, 0, 0, 0, 0, 0, 0, 0, 1, 0, 1, 0, 0, 1, 0, 0, 0, 0, 1, 1, 1, 0, 0, 0, 0, 0, 1, 0, 1, 0, 1, 1, 0, 1, 0, 0, 0, 0, 0, 0, 3, 0, 4, 0, 1, 0, 1, 1, 0, 0, 0, 1, 0, 0, 2, 1, 2, 0, 0, 0, 0, 0, 3], [7, 2, 3, 1, 4, 0, 4, 6, 0, 2, 0, 1, 0, 0, 0, 1, 2, 0, 0, 0, 4, 1, 1, 2, 0, 0, 0, 0, 0, 0, 0, 4, 0, 1, 0, 0, 0, 0, 0, 0, 0, 14, 0, 5, 0, 0, 0, 5, 0, 0, 0, 0, 0, 0, 0, 0, 0, 0, 1, 0, 1, 1, 0, 2, 3, 1, 1, 0, 0, 0, 0, 0, 0, 1, 0, 0, 0, 0, 0, 0, 0, 0, 0, 1, 1, 0, 0, 0, 0, 0, 0, 0, 0, 0, 0, 0, 2, 0, 0, 0, 0, 0, 0, 0, 0, 36, 0, 4, 0, 1, 0, 1, 0, 0, 0, 0, 0, 0, 0, 1, 0, 0, 0, 1, 0, 1, 0, 0, 0, 0, 1, 0, 1, 0, 1, 0, 0, 0, 0, 1, 0, 0, 0, 0, 0, 0, 0, 0, 29, 0, 39, 5, 0, 0, 0, 0, 0, 0, 0, 5, 1, 0, 0, 0, 0, 0, 0, 0, 0, 2, 0, 0, 0, 2, 0, 2, 0, 0, 0, 0, 0, 0, 0, 0, 0, 0, 0, 2, 0, 0, 0, 4, 1, 0, 0, 0, 0, 0, 1, 1, 0, 1, 0, 0, 0, 0, 0, 0, 0, 0, 0, 0, 11, 1, 19, 2, 1, 0, 0, 0, 1, 0, 0, 0, 0, 0, 0, 0, 0, 0, 0, 0, 2, 1, 0, 1, 0, 0, 0, 0, 0, 0, 0, 0, 3, 0, 1, 1, 1, 2, 0, 0, 2, 1, 2, 4], [12, 1, 6, 4, 1, 0, 3, 1, 1, 4, 0, 5, 0, 0, 0, 5, 3, 0, 0, 0, 3, 0, 3, 1, 0, 0, 0, 0, 0, 0, 0, 2, 1, 1, 0, 0, 0, 0, 1, 1, 3, 21, 0, 6, 0, 0, 0, 2, 0, 0, 0, 0, 0, 0, 0, 0, 0, 0, 0, 0, 0, 2, 0, 2, 7, 0, 2, 0, 0, 0, 0, 0, 0, 0, 0, 0, 0, 0, 0, 1, 0, 0, 0, 0, 0, 0, 0, 0, 0, 0, 0, 0, 0, 0, 0, 0, 2, 0, 0, 0, 0, 0, 0, 0, 8, 31, 0, 6, 0, 0, 0, 1, 0, 0, 0, 0, 1, 0, 0, 0, 1, 0, 0, 0, 0, 0, 0, 0, 3, 0, 0, 0, 0, 0, 0, 0, 2, 0, 0, 0, 0, 0, 0, 0, 2, 0, 1, 0, 12, 0, 11, 2, 0, 0, 0, 0, 0, 1, 0, 5, 0, 0, 0, 0, 0, 0, 0, 0, 0, 0, 0, 1, 0, 0, 0, 0, 0, 0, 0, 0, 0, 0, 1, 2, 0, 0, 0, 0, 0, 1, 0, 3, 4, 0, 1, 0, 0, 0, 0, 0, 0, 0, 0, 0, 0, 0, 0, 0, 3, 0, 1, 0, 16, 0, 10, 1, 0, 0, 0, 1, 1, 0, 0, 0, 0, 0, 0, 0, 0, 0, 1, 0, 7, 2, 1, 0, 0, 1, 0, 2, 1, 0, 0, 0, 4, 0, 2, 1, 2, 0, 0, 0, 5, 5, 1, 10], [15, 6, 6, 4, 2, 0, 2, 0, 5, 7, 0, 1, 0, 0, 0, 0, 0, 0, 0, 0, 2, 0, 1, 0, 0, 0, 0, 0, 0, 0, 0, 0, 4, 2, 1, 1, 0, 0, 0, 0, 4, 35, 2, 42, 0, 1, 0, 1, 0, 0, 0, 0, 0, 0, 0, 0, 0, 1, 0, 0, 0, 0, 0, 0, 5, 0, 0, 0, 0, 0, 0, 0, 0, 0, 0, 0, 0, 0, 0, 0, 1, 0, 0, 0, 0, 0, 0, 0, 0, 0, 0, 0, 0, 0, 0, 0, 8, 1, 0, 1, 0, 0, 0, 0, 7, 42, 0, 16, 0, 1, 1, 1, 1, 0, 0, 0, 0, 0, 1, 0, 1, 1, 0, 0, 0, 0, 0, 0, 0, 0, 0, 0, 0, 0, 0, 0, 0, 1, 0, 0, 0, 0, 0, 0, 0, 0, 0, 0, 1, 0, 2, 0, 0, 0, 0, 0, 0, 1, 0, 3, 0, 0, 0, 0, 0, 0, 0, 0, 0, 1, 0, 2, 0, 0, 0, 0, 1, 0, 0, 0, 0, 0, 0, 0, 0, 0, 0, 0, 0, 1, 0, 2, 1, 0, 1, 0, 0, 0, 0, 0, 0, 0, 0, 0, 0, 0, 0, 0, 1, 0, 0, 0, 1, 1, 1, 0, 0, 0, 0, 0, 0, 0, 0, 0, 0, 1, 0, 0, 0, 0, 0, 1, 1, 9, 0, 3, 0, 0, 0, 0, 2, 0, 0, 0, 0, 0, 0, 0, 1, 4, 0, 1, 0, 4, 0, 4], [46, 2, 3, 3, 3, 0, 1, 1, 3, 1, 0, 0, 0, 0, 0, 1, 2, 0, 0, 0, 4, 0, 3, 0, 0, 0, 0, 0, 1, 0, 0, 0, 5, 0, 0, 0, 1, 0, 1, 0, 1, 0, 0, 0, 1, 0, 1, 1, 0, 0, 0, 0, 1, 0, 2, 0, 1, 1, 0, 0, 0, 0, 0, 0, 3, 0, 0, 0, 0, 0, 0, 0, 0, 0, 0, 0, 0, 0, 0, 0, 1, 0, 0, 0, 1, 0, 0, 0, 0, 0, 0, 0, 0, 0, 0, 1, 7, 0, 0, 1, 0, 1, 0, 0, 6, 0, 0, 0, 1, 2, 0, 0, 2, 0, 0, 0, 1, 1, 0, 0, 0, 0, 0, 0, 0, 1, 0, 1, 4, 0, 0, 0, 0, 0, 0, 0, 1, 0, 0, 0, 0, 0, 1, 1, 7, 0, 0, 0, 8, 0, 2, 1, 0, 1, 0, 0, 1, 0, 1, 3, 2, 0, 0, 0, 0, 0, 0, 0, 2, 0, 0, 2, 0, 0, 0, 1, 3, 0, 0, 0, 2, 0, 0, 0, 0, 0, 0, 0, 1, 0, 1, 1, 10, 0, 0, 2, 1, 0, 2, 0, 0, 0, 0, 0, 0, 0, 0, 0, 15, 1, 0, 0, 7, 0, 1, 4, 0, 0, 0, 0, 0, 0, 1, 0, 8, 0, 0, 1, 0, 0, 0, 0, 5, 3, 0, 4, 0, 0, 0, 2, 25, 1, 0, 0, 5, 1, 2, 2, 6, 4, 0, 0, 0, 1, 2, 3], [38, 1, 3, 0, 3, 0, 3, 2, 3, 1, 1, 0, 1, 0, 0, 1, 2, 0, 0, 0, 5, 0, 1, 1, 0, 0, 0, 0, 1, 1, 1, 1, 3, 0, 1, 0, 1, 0, 0, 0, 1, 1, 1, 0, 0, 0, 0, 0, 1, 0, 0, 0, 0, 0, 0, 0, 2, 0, 0, 0, 0, 0, 0, 1, 6, 1, 1, 0, 2, 0, 0, 0, 0, 0, 0, 0, 0, 0, 0, 0, 1, 0, 0, 0, 1, 0, 0, 0, 0, 0, 0, 0, 0, 0, 0, 0, 3, 0, 0, 0, 1, 0, 1, 0, 1, 0, 0, 0, 0, 0, 0, 1, 1, 0, 0, 0, 1, 0, 0, 0, 0, 0, 0, 0, 0, 0, 0, 0, 9, 2, 0, 1, 2, 0, 1, 0, 0, 1, 0, 0, 0, 1, 0, 1, 7, 1, 2, 0, 15, 0, 6, 2, 0, 0, 0, 0, 0, 0, 0, 0, 0, 0, 1, 0, 0, 0, 0, 0, 2, 0, 0, 0, 0, 0, 0, 1, 2, 0, 0, 0, 3, 0, 1, 2, 0, 0, 0, 0, 0, 1, 0, 1, 8, 0, 0, 1, 2, 0, 1, 0, 0, 0, 0, 0, 0, 0, 0, 0, 13, 1, 0, 0, 14, 2, 3, 4, 0, 0, 0, 1, 1, 1, 0, 2, 7, 0, 1, 1, 0, 1, 0, 0, 3, 2, 0, 0, 1, 0, 0, 1, 11, 1, 0, 1, 8, 0, 2, 1, 3, 4, 0, 1, 4, 2, 2, 6], [14, 0, 1, 3, 4, 1, 2, 7, 5, 3, 0, 2, 0, 3, 1, 3, 4, 0, 1, 0, 5, 0, 4, 7, 0, 0, 0, 0, 0, 0, 0, 2, 2, 0, 0, 0, 2, 0, 1, 0, 2, 0, 0, 2, 0, 0, 0, 3, 1, 0, 0, 0, 0, 0, 0, 0, 0, 0, 0, 0, 1, 0, 1, 1, 2, 1, 0, 0, 1, 0, 0, 1, 0, 0, 0, 0, 0, 0, 0, 0, 0, 0, 0, 0, 0, 0, 2, 0, 0, 0, 0, 0, 0, 0, 0, 0, 3, 0, 0, 0, 0, 0, 0, 0, 2, 1, 0, 1, 0, 0, 0, 0, 0, 0, 0, 0, 0, 0, 0, 0, 0, 0, 0, 0, 0, 0, 0, 1, 5, 0, 0, 1, 0, 0, 0, 1, 1, 0, 0, 1, 0, 0, 0, 1, 6, 0, 0, 1, 15, 0, 10, 2, 0, 1, 0, 0, 1, 0, 1, 5, 0, 0, 0, 0, 0, 0, 0, 0, 0, 0, 0, 0, 0, 0, 1, 1, 0, 0, 0, 0, 0, 0, 0, 0, 1, 0, 0, 0, 0, 0, 0, 0, 7, 0, 0, 0, 2, 0, 0, 0, 1, 1, 0, 0, 0, 0, 0, 0, 12, 0, 0, 0, 15, 2, 6, 2, 0, 1, 0, 1, 0, 0, 0, 3, 6, 0, 0, 1, 0, 1, 2, 1, 3, 3, 0, 2, 0, 0, 2, 2, 15, 1, 0, 0, 11, 2, 1, 3, 6, 0, 1, 1, 1, 0, 2, 7], [10, 1, 5, 4, 5, 1, 12, 19, 0, 0, 0, 2, 0, 2, 0, 4, 2, 0, 1, 0, 13, 0, 36, 50, 0, 1, 0, 0, 0, 0, 2, 11, 1, 0, 0, 0, 0, 0, 0, 0, 1, 0, 0, 0, 0, 0, 0, 0, 1, 0, 0, 0, 0, 0, 1, 3, 0, 0, 0, 0, 1, 0, 0, 1, 1, 0, 0, 0, 1, 0, 1, 0, 0, 0, 0, 0, 0, 0, 0, 0, 0, 0, 0, 0, 0, 0, 0, 1, 0, 0, 0, 0, 0, 0, 0, 2, 0, 0, 0, 0, 0, 0, 0, 1, 1, 0, 0, 0, 0, 0, 0, 0, 0, 0, 0, 0, 0, 0, 1, 1, 0, 0, 0, 0, 0, 0, 0, 1, 3, 0, 0, 0, 0, 0, 0, 1, 0, 0, 0, 0, 0, 0, 0, 2, 0, 1, 1, 0, 4, 2, 5, 25, 1, 0, 0, 0, 0, 0, 0, 4, 0, 0, 0, 0, 0, 0, 0, 0, 0, 0, 0, 1, 0, 0, 0, 0, 0, 0, 0, 0, 0, 0, 0, 2, 0, 0, 0, 0, 0, 0, 0, 0, 0, 1, 0, 0, 0, 0, 0, 0, 0, 1, 0, 0, 0, 0, 0, 1, 1, 0, 0, 0, 2, 0, 0, 6, 0, 0, 0, 0, 0, 0, 0, 0, 2, 0, 0, 0, 0, 0, 0, 0, 8, 0, 0, 0, 1, 0, 1, 0, 0, 0, 0, 0, 0, 0, 0, 0, 1, 1, 0, 0, 0, 0, 2, 4], [29, 2, 4, 3, 4, 0, 2, 8, 6, 4, 0, 2, 0, 0, 0, 1, 4, 0, 1, 0, 3, 0, 12, 21, 0, 0, 0, 0, 0, 0, 0, 2, 2, 1, 0, 0, 0, 0, 1, 0, 6, 2, 1, 1, 0, 0, 0, 1, 1, 0, 0, 0, 0, 1, 4, 1, 1, 1, 0, 1, 0, 1, 2, 1, 5, 3, 0, 0, 0, 0, 0, 0, 2, 0, 0, 0, 0, 0, 0, 0, 0, 0, 0, 0, 0, 0, 0, 2, 0, 0, 0, 0, 0, 0, 0, 0, 2, 0, 1, 0, 0, 0, 0, 1, 8, 5, 0, 2, 1, 1, 1, 1, 0, 1, 1, 0, 0, 0, 0, 1, 0, 1, 0, 0, 1, 0, 1, 4, 3, 1, 0, 0, 0, 0, 0, 2, 0, 0, 1, 0, 0, 0, 0, 0, 3, 0, 0, 2, 0, 0, 3, 4, 0, 0, 0, 0, 0, 0, 0, 2, 0, 0, 0, 1, 0, 0, 0, 0, 0, 1, 0, 1, 0, 1, 0, 0, 0, 0, 0, 0, 0, 0, 0, 2, 1, 1, 0, 0, 0, 0, 0, 4, 2, 0, 0, 0, 0, 0, 0, 0, 0, 0, 0, 1, 0, 0, 0, 0, 1, 0, 0, 0, 1, 0, 1, 0, 0, 0, 0, 1, 0, 2, 0, 0, 2, 1, 0, 0, 0, 0, 0, 0, 27, 5, 0, 2, 2, 0, 2, 1, 1, 0, 0, 0, 0, 0, 0, 0, 1, 2, 1, 1, 1, 2, 1, 9], [22, 3, 3, 5, 0, 0, 3, 3, 3, 8, 1, 13, 0, 1, 0, 5, 1, 2, 1, 0, 0, 0, 2, 3, 0, 0, 0, 1, 0, 1, 1, 2, 2, 1, 0, 1, 0, 0, 2, 1, 4, 22, 1, 24, 0, 0, 1, 6, 0, 0, 0, 0, 0, 0, 1, 0, 0, 1, 0, 1, 0, 2, 1, 0, 5, 1, 2, 0, 0, 0, 0, 2, 0, 1, 1, 2, 0, 0, 0, 0, 0, 0, 0, 0, 0, 0, 0, 0, 0, 0, 0, 0, 0, 0, 0, 0, 1, 1, 0, 1, 1, 0, 1, 1, 3, 8, 1, 14, 0, 5, 1, 3, 0, 0, 0, 0, 0, 0, 0, 0, 0, 0, 0, 2, 0, 0, 1, 3, 0, 0, 0, 0, 1, 0, 0, 0, 0, 0, 0, 0, 0, 0, 0, 1, 1, 0, 0, 0, 0, 1, 2, 1, 0, 0, 0, 0, 0, 0, 0, 3, 0, 0, 0, 0, 0, 0, 0, 0, 0, 0, 0, 3, 0, 0, 0, 1, 0, 1, 0, 0, 0, 1, 0, 1, 0, 1, 0, 0, 0, 4, 0, 9, 1, 1, 0, 0, 0, 0, 1, 1, 0, 0, 0, 1, 0, 0, 0, 0, 0, 1, 0, 0, 0, 0, 1, 0, 0, 0, 0, 0, 0, 0, 0, 1, 1, 0, 0, 0, 0, 0, 1, 0, 0, 3, 0, 0, 0, 2, 0, 2, 1, 0, 0, 0, 0, 0, 0, 2, 1, 2, 0, 2, 1, 2, 1, 9], [16, 6, 1, 4, 0, 0, 0, 1, 6, 12, 0, 12, 0, 0, 0, 2, 0, 0, 0, 0, 0, 1, 0, 0, 0, 0, 0, 1, 0, 0, 0, 0, 4, 3, 0, 3, 0, 0, 0, 0, 5, 41, 2, 45, 0, 1, 0, 10, 0, 0, 0, 0, 0, 0, 0, 0, 1, 1, 0, 1, 0, 0, 0, 5, 3, 0, 0, 0, 0, 0, 0, 0, 0, 0, 0, 2, 0, 0, 0, 0, 1, 0, 0, 0, 0, 0, 0, 0, 0, 0, 0, 0, 0, 0, 0, 0, 2, 0, 0, 1, 0, 0, 0, 0, 2, 28, 0, 21, 0, 0, 0, 6, 0, 1, 0, 0, 0, 0, 0, 0, 0, 0, 0, 2, 0, 0, 1, 0, 0, 0, 0, 1, 0, 0, 0, 0, 1, 0, 0, 1, 0, 0, 0, 0, 1, 0, 0, 0, 0, 0, 0, 0, 0, 0, 0, 0, 0, 0, 0, 0, 0, 0, 0, 0, 0, 0, 0, 0, 0, 1, 0, 2, 0, 0, 0, 0, 0, 1, 0, 0, 0, 0, 1, 0, 0, 0, 0, 0, 0, 0, 0, 0, 0, 1, 0, 0, 0, 0, 0, 0, 0, 0, 0, 0, 0, 0, 0, 0, 0, 0, 1, 0, 0, 0, 0, 0, 0, 1, 0, 0, 0, 0, 0, 0, 0, 1, 1, 0, 0, 0, 1, 0, 0, 3, 0, 1, 0, 0, 0, 1, 0, 0, 0, 0, 0, 0, 0, 0, 0, 0, 0, 1, 0, 3, 0, 7], [9, 0, 3, 2, 1, 1, 7, 11, 1, 2, 0, 3, 0, 0, 0, 5, 3, 0, 1, 0, 10, 0, 27, 15, 0, 0, 0, 0, 0, 0, 0, 7, 0, 1, 0, 0, 0, 1, 0, 0, 5, 5, 1, 1, 1, 0, 0, 5, 0, 0, 0, 0, 0, 0, 0, 1, 0, 0, 0, 0, 0, 1, 0, 2, 0, 1, 0, 1, 0, 0, 0, 0, 0, 0, 0, 0, 0, 0, 0, 2, 0, 0, 0, 0, 0, 0, 1, 0, 0, 0, 0, 0, 0, 0, 0, 0, 1, 1, 1, 0, 0, 0, 0, 0, 1, 11, 0, 2, 0, 0, 0, 0, 0, 0, 0, 0, 0, 0, 0, 0, 0, 0, 0, 1, 0, 0, 0, 0, 1, 0, 0, 0, 1, 0, 2, 0, 0, 0, 0, 0, 0, 0, 0, 0, 4, 1, 0, 0, 14, 0, 39, 22, 0, 0, 0, 0, 0, 0, 1, 4, 0, 0, 0, 0, 0, 0, 0, 0, 0, 0, 0, 0, 0, 0, 0, 0, 0, 0, 0, 0, 0, 0, 0, 0, 0, 0, 0, 0, 0, 0, 0, 2, 0, 0, 0, 0, 0, 0, 0, 0, 0, 0, 0, 0, 0, 0, 0, 1, 1, 0, 0, 0, 8, 0, 6, 9, 0, 0, 0, 1, 0, 0, 0, 1, 1, 0, 0, 0, 0, 0, 0, 0, 2, 1, 0, 2, 0, 0, 0, 0, 0, 0, 0, 0, 0, 0, 1, 1, 0, 0, 0, 0, 0, 1, 0, 3], [11, 2, 0, 2, 0, 0, 3, 4, 2, 4, 0, 1, 1, 0, 0, 1, 1, 0, 0, 1, 2, 0, 2, 4, 0, 0, 0, 1, 0, 0, 0, 1, 2, 0, 0, 0, 0, 0, 1, 0, 4, 5, 0, 2, 0, 0, 0, 1, 1, 0, 0, 0, 0, 0, 0, 0, 0, 0, 0, 0, 0, 0, 0, 3, 4, 0, 0, 0, 1, 0, 0, 0, 1, 1, 0, 0, 0, 0, 0, 0, 0, 0, 0, 0, 0, 0, 0, 0, 0, 0, 0, 0, 0, 0, 0, 0, 5, 0, 0, 0, 0, 0, 0, 0, 24, 33, 0, 1, 1, 1, 1, 0, 0, 0, 0, 0, 0, 0, 0, 1, 0, 0, 0, 1, 1, 0, 0, 0, 5, 0, 0, 0, 0, 0, 0, 0, 0, 0, 0, 0, 0, 0, 0, 0, 4, 0, 1, 0, 2, 0, 16, 3, 0, 0, 0, 0, 1, 0, 0, 1, 0, 0, 0, 0, 0, 0, 0, 0, 1, 1, 0, 0, 0, 0, 0, 0, 2, 0, 0, 0, 0, 0, 4, 0, 0, 0, 0, 0, 1, 3, 1, 1, 6, 0, 1, 0, 0, 0, 0, 0, 0, 0, 0, 0, 0, 0, 0, 1, 5, 0, 0, 0, 6, 0, 4, 0, 0, 0, 0, 0, 0, 2, 1, 0, 6, 1, 0, 0, 0, 0, 0, 0, 25, 7, 0, 1, 0, 0, 0, 3, 6, 1, 0, 1, 2, 2, 2, 1, 2, 3, 0, 2, 1, 5, 1, 2], [17, 1, 1, 6, 2, 1, 1, 1, 2, 4, 2, 6, 0, 1, 0, 9, 2, 0, 0, 0, 2, 0, 0, 2, 0, 0, 0, 0, 0, 0, 0, 2, 9, 1, 1, 0, 1, 0, 0, 0, 11, 15, 2, 58, 0, 1, 0, 9, 0, 0, 0, 0, 0, 0, 0, 0, 0, 0, 0, 0, 0, 1, 0, 2, 4, 0, 0, 0, 2, 0, 0, 0, 0, 0, 0, 0, 0, 0, 0, 0, 0, 0, 0, 0, 0, 0, 0, 0, 0, 0, 0, 0, 0, 0, 0, 0, 7, 2, 1, 1, 0, 0, 0, 0, 0, 6, 0, 7, 0, 1, 0, 1, 1, 0, 0, 0, 0, 0, 1, 0, 0, 1, 0, 1, 0, 0, 0, 0, 0, 0, 0, 0, 0, 0, 0, 0, 0, 0, 0, 1, 0, 0, 0, 0, 3, 0, 0, 0, 5, 1, 2, 0, 0, 1, 0, 1, 0, 1, 0, 1, 0, 0, 0, 0, 0, 0, 0, 0, 0, 0, 0, 0, 0, 0, 0, 1, 0, 0, 0, 0, 0, 0, 0, 0, 0, 0, 0, 0, 0, 0, 1, 3, 0, 0, 0, 0, 0, 0, 1, 0, 0, 0, 0, 0, 0, 0, 0, 0, 4, 0, 0, 0, 3, 0, 4, 0, 0, 0, 0, 1, 0, 0, 0, 0, 4, 0, 0, 0, 0, 0, 0, 0, 0, 3, 0, 6, 0, 0, 0, 0, 8, 1, 0, 0, 3, 1, 0, 0, 0, 3, 0, 3, 2, 2, 0, 6], [7, 0, 2, 2, 5, 1, 5, 3, 1, 1, 0, 6, 0, 0, 1, 12, 0, 0, 0, 0, 11, 1, 1, 1, 0, 1, 0, 1, 0, 0, 0, 1, 3, 0, 0, 0, 0, 0, 0, 0, 2, 3, 2, 17, 0, 0, 0, 3, 1, 0, 0, 0, 1, 0, 0, 0, 0, 0, 0, 0, 0, 0, 0, 0, 0, 1, 0, 0, 0, 0, 0, 0, 0, 0, 0, 0, 0, 0, 0, 0, 2, 0, 0, 0, 1, 0, 0, 0, 0, 0, 0, 0, 0, 0, 0, 0, 2, 0, 0, 0, 0, 0, 0, 0, 0, 1, 1, 3, 1, 0, 0, 0, 0, 0, 0, 0, 1, 0, 0, 1, 0, 0, 0, 0, 0, 0, 0, 0, 3, 0, 0, 0, 1, 0, 2, 1, 1, 0, 0, 0, 0, 0, 0, 3, 2, 0, 0, 0, 12, 0, 8, 5, 0, 0, 0, 1, 0, 0, 1, 1, 0, 0, 0, 0, 0, 0, 0, 0, 0, 0, 0, 2, 0, 0, 0, 1, 1, 0, 0, 0, 0, 0, 0, 0, 0, 0, 0, 0, 0, 0, 0, 0, 6, 0, 0, 0, 0, 0, 1, 1, 1, 0, 0, 0, 0, 0, 0, 1, 17, 0, 2, 0, 37, 0, 7, 6, 0, 0, 0, 1, 1, 0, 1, 1, 5, 0, 0, 0, 0, 0, 1, 2, 0, 1, 0, 3, 0, 0, 0, 1, 14, 0, 0, 0, 6, 0, 2, 5, 2, 1, 0, 0, 0, 0, 1, 4], [13, 0, 2, 4, 3, 0, 1, 4, 3, 2, 0, 2, 0, 0, 0, 1, 1, 0, 0, 0, 1, 1, 4, 2, 0, 0, 0, 0, 0, 0, 0, 1, 3, 0, 0, 0, 0, 0, 0, 0, 5, 5, 1, 4, 0, 1, 0, 0, 0, 0, 0, 0, 0, 0, 0, 0, 0, 0, 0, 0, 0, 0, 1, 3, 3, 0, 1, 0, 0, 0, 0, 0, 1, 0, 0, 0, 0, 0, 0, 0, 0, 0, 0, 0, 0, 1, 0, 1, 0, 1, 0, 0, 0, 0, 0, 0, 5, 2, 1, 0, 0, 0, 0, 0, 4, 21, 0, 4, 0, 1, 0, 2, 0, 0, 0, 0, 0, 0, 0, 0, 0, 0, 1, 1, 0, 0, 1, 1, 3, 0, 1, 0, 1, 1, 1, 0, 1, 1, 0, 0, 0, 0, 0, 0, 4, 0, 0, 0, 6, 0, 7, 4, 0, 1, 0, 0, 0, 0, 1, 2, 0, 0, 0, 0, 0, 0, 0, 0, 0, 1, 0, 0, 0, 0, 0, 0, 0, 0, 0, 0, 2, 0, 1, 0, 2, 0, 0, 0, 0, 1, 0, 2, 5, 0, 0, 0, 0, 0, 0, 0, 1, 0, 0, 3, 0, 0, 0, 1, 10, 0, 1, 1, 28, 0, 3, 0, 0, 0, 0, 1, 1, 1, 0, 0, 1, 0, 0, 0, 1, 0, 0, 0, 7, 7, 0, 2, 1, 0, 1, 2, 2, 2, 2, 0, 4, 1, 1, 3, 2, 1, 0, 1, 3, 10, 3, 9], [13, 2, 5, 1, 4, 0, 2, 2, 1, 1, 0, 6, 0, 0, 0, 1, 1, 1, 0, 1, 5, 0, 4, 1, 0, 0, 0, 0, 0, 0, 0, 0, 3, 0, 0, 0, 0, 0, 0, 0, 2, 9, 0, 7, 1, 1, 0, 0, 0, 0, 0, 0, 0, 0, 0, 0, 0, 0, 0, 0, 0, 0, 0, 1, 4, 0, 2, 1, 0, 0, 0, 0, 0, 0, 0, 1, 0, 0, 0, 0, 0, 0, 0, 0, 0, 0, 2, 0, 0, 0, 0, 0, 0, 0, 0, 0, 5, 0, 1, 0, 1, 0, 0, 0, 4, 25, 0, 6, 0, 0, 0, 2, 0, 0, 0, 0, 0, 0, 0, 0, 0, 0, 0, 0, 0, 2, 0, 0, 1, 0, 0, 0, 0, 0, 0, 0, 0, 0, 0, 0, 0, 0, 0, 0, 2, 1, 2, 0, 13, 0, 7, 2, 1, 0, 0, 0, 0, 0, 0, 1, 0, 0, 0, 0, 0, 0, 0, 0, 0, 0, 0, 0, 0, 0, 0, 1, 0, 0, 1, 0, 1, 0, 1, 0, 0, 0, 0, 1, 1, 0, 0, 1, 1, 0, 0, 0, 0, 0, 0, 0, 0, 0, 0, 0, 0, 0, 0, 1, 1, 1, 0, 0, 61, 0, 8, 2, 0, 0, 0, 0, 1, 1, 0, 0, 2, 0, 0, 0, 0, 0, 1, 0, 3, 5, 0, 3, 0, 0, 0, 0, 1, 0, 0, 0, 3, 1, 0, 1, 3, 3, 1, 0, 2, 7, 1, 3], [26, 1, 2, 1, 2, 1, 9, 0, 4, 2, 1, 0, 0, 0, 0, 1, 5, 1, 0, 1, 7, 0, 4, 3, 0, 0, 0, 0, 0, 0, 0, 1, 2, 0, 0, 0, 0, 0, 0, 0, 5, 4, 0, 4, 0, 0, 1, 0, 0, 0, 0, 0, 0, 0, 1, 0, 0, 0, 0, 0, 0, 0, 0, 0, 9, 1, 0, 0, 1, 0, 0, 0, 0, 0, 0, 0, 0, 0, 0, 0, 1, 0, 0, 0, 0, 0, 0, 0, 0, 0, 0, 0, 0, 0, 0, 0, 1, 0, 0, 0, 0, 0, 0, 0, 10, 15, 2, 1, 0, 0, 0, 0, 2, 0, 0, 0, 0, 0, 1, 0, 0, 1, 0, 0, 1, 1, 0, 0, 5, 1, 2, 3, 0, 0, 0, 1, 1, 1, 0, 0, 0, 0, 0, 0, 5, 1, 0, 0, 8, 0, 11, 8, 0, 0, 0, 0, 0, 0, 2, 0, 1, 0, 0, 0, 0, 0, 0, 0, 0, 1, 0, 0, 0, 0, 0, 0, 0, 0, 0, 0, 2, 0, 2, 0, 1, 0, 0, 0, 1, 1, 1, 1, 4, 2, 0, 0, 0, 0, 1, 0, 0, 1, 0, 0, 0, 0, 0, 1, 6, 0, 0, 0, 2, 1, 6, 1, 0, 1, 0, 0, 1, 1, 0, 0, 5, 1, 0, 1, 2, 0, 0, 0, 5, 10, 0, 3, 1, 1, 0, 0, 1, 1, 0, 0, 4, 0, 1, 1, 2, 4, 0, 1, 1, 4, 5, 7], [15, 2, 1, 0, 8, 1, 14, 5, 4, 1, 0, 0, 2, 0, 0, 0, 4, 0, 2, 1, 16, 1, 23, 13, 1, 0, 0, 0, 0, 0, 1, 4, 2, 1, 0, 0, 0, 0, 0, 0, 1, 0, 0, 0, 0, 0, 0, 0, 0, 0, 0, 0, 1, 0, 1, 0, 0, 0, 0, 0, 0, 0, 1, 1, 1, 0, 0, 0, 0, 2, 0, 0, 1, 0, 0, 0, 0, 0, 0, 1, 0, 0, 1, 0, 0, 0, 0, 1, 0, 0, 0, 0, 0, 0, 0, 0, 2, 2, 1, 0, 0, 0, 0, 0, 3, 3, 0, 0, 1, 2, 1, 0, 0, 0, 0, 0, 1, 0, 0, 2, 0, 0, 0, 0, 1, 0, 2, 0, 3, 1, 2, 0, 1, 0, 0, 0, 0, 0, 0, 1, 0, 0, 0, 1, 0, 0, 2, 0, 7, 0, 13, 21, 0, 0, 0, 0, 1, 0, 2, 3, 1, 0, 0, 0, 0, 0, 0, 0, 0, 0, 0, 0, 0, 0, 0, 0, 0, 0, 0, 0, 0, 0, 1, 2, 1, 0, 0, 0, 0, 0, 0, 2, 2, 0, 0, 0, 1, 0, 0, 0, 1, 1, 0, 1, 0, 0, 0, 0, 4, 0, 0, 0, 3, 1, 3, 6, 0, 0, 0, 1, 0, 2, 0, 0, 2, 0, 0, 0, 0, 0, 1, 1, 1, 7, 0, 2, 1, 2, 1, 0, 0, 0, 0, 0, 2, 0, 2, 2, 1, 0, 0, 0, 1, 3, 2, 8], [19, 1, 1, 1, 1, 0, 0, 1, 0, 4, 0, 5, 0, 0, 0, 0, 2, 0, 0, 0, 0, 0, 1, 0, 1, 0, 0, 0, 0, 0, 0, 0, 4, 0, 2, 0, 0, 0, 0, 1, 7, 20, 2, 19, 0, 2, 0, 3, 0, 0, 0, 0, 0, 0, 0, 0, 2, 0, 0, 0, 0, 1, 0, 0, 7, 1, 1, 1, 0, 0, 0, 0, 1, 0, 0, 1, 0, 0, 0, 0, 0, 0, 0, 0, 0, 0, 0, 0, 0, 0, 0, 0, 0, 1, 0, 0, 8, 2, 2, 0, 0, 0, 0, 0, 10, 42, 1, 12, 1, 1, 0, 0, 1, 0, 0, 0, 0, 0, 0, 0, 0, 2, 0, 0, 0, 2, 0, 1, 2, 0, 0, 0, 0, 0, 0, 0, 0, 0, 0, 1, 0, 0, 0, 0, 2, 1, 0, 0, 1, 0, 0, 0, 0, 0, 0, 0, 0, 0, 0, 2, 0, 0, 0, 0, 1, 0, 0, 0, 1, 3, 0, 0, 0, 0, 0, 0, 1, 0, 0, 0, 0, 0, 0, 0, 1, 4, 0, 0, 0, 0, 0, 2, 1, 0, 0, 0, 0, 0, 0, 0, 2, 0, 0, 0, 0, 0, 0, 0, 1, 0, 0, 0, 2, 0, 1, 2, 0, 2, 0, 0, 0, 0, 0, 0, 2, 0, 0, 0, 0, 0, 0, 0, 6, 8, 2, 7, 0, 0, 0, 2, 0, 1, 0, 0, 0, 0, 2, 2, 1, 6, 1, 4, 1, 2, 0, 7], [25, 6, 4, 7, 1, 1, 0, 3, 7, 7, 0, 14, 0, 1, 0, 2, 0, 0, 0, 0, 0, 0, 0, 0, 0, 2, 0, 1, 0, 1, 0, 0, 6, 4, 1, 3, 0, 0, 0, 0, 12, 21, 0, 20, 0, 1, 1, 17, 0, 0, 0, 0, 0, 0, 0, 0, 0, 1, 0, 2, 0, 0, 1, 1, 0, 1, 0, 1, 0, 0, 0, 1, 3, 1, 0, 0, 0, 0, 0, 1, 0, 0, 0, 0, 0, 0, 0, 0, 0, 0, 0, 0, 0, 0, 0, 0, 5, 2, 0, 0, 1, 0, 1, 1, 7, 18, 0, 13, 2, 3, 0, 5, 0, 0, 0, 0, 0, 0, 0, 0, 0, 0, 0, 2, 0, 2, 0, 3, 0, 0, 0, 0, 0, 0, 0, 0, 1, 0, 0, 0, 0, 0, 0, 0, 0, 0, 0, 0, 0, 0, 0, 0, 0, 0, 0, 0, 0, 0, 0, 1, 0, 0, 0, 0, 0, 0, 0, 0, 1, 2, 0, 1, 0, 0, 0, 0, 0, 0, 0, 0, 0, 0, 0, 0, 0, 0, 0, 1, 0, 0, 0, 3, 0, 1, 0, 0, 0, 0, 0, 0, 0, 1, 0, 0, 0, 0, 0, 0, 0, 0, 0, 0, 0, 0, 0, 0, 0, 0, 0, 0, 0, 0, 0, 0, 1, 1, 0, 0, 0, 0, 0, 0, 3, 5, 0, 3, 0, 0, 0, 1, 0, 0, 0, 0, 0, 0, 0, 1, 0, 0, 0, 4, 0, 1, 1, 6], [20, 3, 4, 4, 5, 1, 5, 6, 0, 5, 0, 6, 0, 0, 1, 5, 0, 0, 0, 0, 7, 0, 13, 11, 0, 0, 0, 0, 1, 0, 0, 4, 0, 0, 1, 0, 0, 0, 1, 0, 4, 6, 0, 3, 0, 0, 0, 2, 0, 0, 0, 0, 0, 0, 0, 0, 0, 1, 0, 0, 1, 0, 0, 0, 5, 0, 0, 0, 0, 0, 0, 0, 0, 0, 0, 0, 0, 0, 0, 0, 0, 0, 0, 0, 1, 0, 0, 0, 0, 0, 0, 0, 0, 0, 0, 0, 3, 0, 1, 0, 0, 1, 0, 0, 3, 9, 0, 4, 0, 0, 0, 1, 0, 0, 0, 0, 0, 0, 0, 0, 0, 0, 0, 0, 0, 0, 0, 0, 7, 0, 0, 0, 0, 0, 0, 0, 0, 0, 0, 0, 0, 0, 1, 0, 4, 1, 0, 1, 17, 0, 15, 12, 1, 0, 0, 0, 0, 0, 0, 5, 0, 0, 0, 0, 0, 0, 0, 0, 0, 1, 1, 0, 0, 0, 0, 0, 1, 0, 0, 0, 0, 0, 0, 0, 0, 0, 0, 0, 0, 0, 0, 1, 2, 0, 0, 1, 0, 1, 1, 0, 0, 0, 0, 0, 0, 0, 0, 0, 8, 0, 0, 0, 11, 1, 6, 5, 0, 0, 0, 0, 0, 0, 3, 1, 2, 1, 0, 0, 1, 0, 0, 0, 2, 2, 0, 0, 0, 1, 0, 0, 6, 0, 0, 0, 3, 0, 4, 0, 1, 1, 0, 1, 0, 1, 2, 1], [13, 4, 2, 4, 5, 1, 2, 14, 1, 6, 0, 16, 0, 1, 0, 37, 3, 0, 0, 1, 1, 1, 4, 14, 0, 1, 0, 1, 0, 1, 0, 11, 0, 0, 0, 0, 0, 0, 0, 1, 4, 9, 0, 9, 0, 0, 0, 9, 0, 0, 0, 0, 0, 0, 0, 0, 0, 0, 0, 0, 0, 1, 0, 3, 1, 0, 0, 0, 0, 0, 0, 0, 0, 0, 0, 0, 0, 0, 0, 0, 0, 0, 0, 0, 0, 0, 0, 0, 0, 0, 0, 0, 0, 0, 0, 0, 4, 1, 0, 0, 0, 0, 0, 1, 7, 8, 0, 5, 0, 0, 0, 3, 0, 0, 0, 0, 1, 0, 0, 0, 0, 0, 0, 0, 0, 0, 0, 0, 0, 0, 0, 0, 0, 0, 0, 0, 0, 0, 0, 0, 0, 0, 0, 0, 1, 1, 0, 0, 1, 0, 1, 0, 1, 0, 0, 1, 0, 0, 0, 1, 1, 0, 0, 0, 0, 0, 0, 0, 0, 0, 0, 1, 0, 0, 0, 0, 0, 0, 0, 0, 0, 0, 0, 1, 0, 1, 0, 0, 0, 0, 0, 2, 2, 0, 0, 0, 0, 0, 0, 0, 0, 0, 0, 0, 0, 0, 0, 1, 4, 0, 0, 0, 1, 0, 0, 1, 0, 0, 0, 0, 2, 0, 0, 0, 10, 1, 0, 1, 0, 0, 0, 0, 10, 1, 0, 1, 0, 1, 0, 3, 6, 0, 0, 0, 2, 0, 0, 0, 7, 0, 0, 1, 0, 2, 0, 4], [16, 2, 1, 2, 2, 1, 5, 2, 3, 4, 0, 5, 0, 1, 0, 12, 5, 0, 0, 0, 6, 0, 4, 2, 0, 0, 0, 0, 0, 0, 0, 2, 3, 1, 0, 0, 0, 0, 0, 0, 4, 3, 0, 4, 0, 1, 0, 1, 1, 0, 0, 0, 0, 0, 0, 0, 0, 0, 0, 0, 1, 1, 0, 0, 3, 0, 0, 0, 1, 0, 0, 0, 0, 0, 0, 1, 0, 0, 0, 0, 0, 0, 0, 0, 0, 0, 0, 0, 0, 0, 0, 0, 0, 0, 0, 0, 10, 1, 0, 1, 1, 0, 0, 0, 5, 1, 0, 0, 0, 0, 0, 0, 0, 0, 0, 0, 0, 0, 0, 0, 0, 1, 0, 0, 0, 0, 0, 0, 3, 1, 0, 0, 0, 0, 0, 0, 0, 0, 0, 0, 0, 0, 0, 0, 11, 0, 0, 1, 2, 1, 1, 4, 1, 0, 0, 0, 0, 0, 0, 1, 3, 1, 0, 0, 0, 0, 0, 0, 0, 0, 0, 0, 0, 0, 0, 0, 2, 0, 1, 0, 0, 0, 1, 0, 1, 0, 0, 0, 1, 0, 0, 3, 10, 0, 0, 0, 0, 0, 1, 0, 1, 0, 0, 0, 0, 0, 0, 0, 12, 0, 0, 0, 5, 0, 2, 1, 0, 0, 0, 0, 0, 0, 0, 1, 22, 0, 0, 0, 1, 0, 0, 0, 12, 2, 1, 0, 1, 0, 0, 1, 14, 0, 0, 0, 8, 0, 5, 1, 10, 1, 0, 0, 4, 3, 2, 5], [15, 1, 1, 3, 2, 0, 1, 4, 3, 5, 1, 7, 0, 0, 0, 5, 3, 0, 0, 0, 3, 0, 7, 4, 0, 0, 0, 0, 0, 0, 0, 0, 5, 1, 0, 0, 0, 0, 0, 0, 7, 8, 0, 7, 0, 0, 0, 6, 1, 0, 0, 0, 0, 0, 0, 0, 0, 0, 0, 0, 0, 0, 0, 2, 4, 1, 0, 0, 0, 0, 0, 0, 0, 1, 0, 0, 0, 0, 0, 0, 1, 0, 0, 0, 0, 0, 0, 0, 0, 0, 0, 0, 0, 0, 0, 0, 7, 1, 0, 1, 0, 0, 0, 0, 6, 6, 0, 2, 0, 0, 0, 1, 1, 1, 0, 0, 0, 0, 0, 0, 1, 1, 0, 0, 0, 0, 0, 2, 0, 0, 0, 0, 1, 0, 0, 1, 1, 0, 0, 0, 0, 0, 0, 0, 1, 0, 0, 0, 13, 0, 27, 6, 0, 0, 0, 0, 0, 0, 0, 1, 0, 0, 0, 0, 0, 0, 0, 0, 0, 1, 0, 0, 0, 0, 0, 1, 0, 0, 0, 2, 0, 0, 0, 0, 0, 0, 0, 2, 0, 3, 0, 0, 4, 1, 0, 0, 0, 0, 0, 0, 0, 0, 0, 0, 0, 0, 0, 0, 6, 0, 0, 0, 24, 0, 7, 4, 0, 0, 0, 0, 0, 1, 0, 2, 9, 0, 0, 1, 0, 0, 0, 0, 4, 2, 1, 0, 0, 0, 0, 2, 4, 2, 0, 0, 0, 0, 1, 1, 1, 4, 0, 0, 0, 0, 0, 5], [14, 3, 3, 4, 1, 0, 2, 3, 4, 3, 0, 3, 0, 0, 1, 2, 1, 0, 0, 0, 3, 0, 6, 4, 0, 1, 0, 0, 0, 0, 0, 4, 2, 1, 1, 0, 1, 0, 0, 1, 0, 5, 0, 13, 0, 1, 2, 2, 1, 0, 0, 0, 3, 0, 0, 2, 0, 1, 0, 0, 0, 0, 0, 2, 4, 1, 0, 0, 0, 0, 1, 0, 0, 0, 0, 1, 0, 0, 0, 0, 0, 0, 0, 0, 0, 0, 0, 0, 0, 0, 0, 0, 0, 0, 0, 0, 0, 0, 0, 0, 0, 0, 1, 0, 3, 17, 0, 4, 0, 0, 0, 3, 0, 0, 0, 0, 0, 0, 0, 0, 0, 1, 0, 0, 0, 3, 0, 3, 0, 0, 1, 1, 2, 0, 0, 0, 0, 0, 0, 0, 0, 0, 0, 2, 3, 1, 0, 0, 24, 1, 30, 6, 0, 0, 0, 0, 0, 0, 0, 1, 0, 0, 0, 0, 0, 0, 0, 0, 0, 0, 0, 0, 0, 0, 0, 1, 0, 0, 0, 0, 0, 0, 1, 1, 0, 0, 0, 0, 0, 1, 1, 4, 1, 1, 0, 0, 0, 0, 0, 0, 0, 0, 0, 0, 0, 0, 0, 0, 3, 0, 1, 1, 14, 0, 11, 1, 0, 0, 0, 0, 0, 0, 0, 1, 0, 0, 0, 0, 0, 0, 0, 0, 0, 2, 0, 0, 0, 1, 1, 0, 0, 0, 0, 0, 3, 0, 1, 0, 1, 1, 0, 2, 1, 4, 0, 11], [17, 1, 9, 2, 5, 0, 5, 3, 0, 3, 0, 5, 0, 0, 0, 1, 0, 0, 1, 0, 3, 0, 6, 2, 0, 0, 0, 0, 0, 0, 0, 1, 0, 0, 0, 0, 0, 0, 0, 0, 2, 17, 0, 16, 1, 0, 0, 2, 0, 0, 0, 0, 1, 0, 0, 0, 0, 0, 0, 0, 0, 2, 0, 1, 4, 2, 1, 0, 0, 0, 0, 0, 1, 0, 0, 0, 0, 0, 0, 0, 0, 0, 0, 0, 1, 0, 0, 0, 0, 0, 0, 0, 0, 0, 0, 0, 2, 0, 0, 0, 0, 0, 0, 1, 0, 23, 0, 15, 0, 1, 1, 0, 0, 0, 0, 0, 0, 0, 0, 0, 0, 0, 0, 0, 0, 1, 0, 0, 1, 0, 1, 0, 1, 0, 0, 0, 0, 0, 0, 0, 0, 0, 0, 0, 3, 0, 1, 0, 14, 2, 27, 5, 0, 0, 0, 0, 1, 0, 0, 4, 0, 0, 0, 0, 0, 0, 0, 0, 0, 0, 0, 1, 0, 0, 0, 0, 0, 0, 0, 0, 0, 0, 0, 1, 0, 0, 0, 0, 0, 1, 1, 5, 2, 0, 1, 0, 0, 1, 2, 0, 0, 0, 0, 0, 0, 0, 0, 0, 1, 0, 0, 0, 15, 1, 6, 2, 0, 0, 0, 0, 1, 0, 0, 1, 0, 0, 0, 0, 0, 0, 1, 0, 0, 5, 0, 0, 0, 1, 0, 0, 1, 0, 0, 0, 1, 0, 2, 1, 0, 2, 0, 1, 2, 1, 0, 6], [20, 1, 2, 0, 0, 0, 0, 0, 1, 2, 1, 1, 0, 0, 0, 1, 1, 1, 0, 0, 2, 0, 3, 2, 0, 0, 0, 0, 1, 0, 1, 2, 4, 0, 0, 0, 0, 0, 0, 1, 5, 8, 0, 4, 1, 2, 1, 3, 1, 0, 0, 0, 0, 0, 0, 1, 0, 1, 0, 2, 1, 1, 0, 2, 5, 1, 1, 0, 0, 0, 0, 0, 0, 1, 0, 0, 0, 0, 0, 0, 0, 1, 1, 0, 1, 0, 0, 0, 0, 0, 0, 0, 0, 0, 0, 0, 5, 2, 0, 1, 0, 0, 0, 0, 10, 13, 0, 7, 0, 1, 0, 2, 0, 0, 0, 0, 0, 0, 0, 0, 1, 0, 0, 0, 0, 0, 0, 1, 1, 0, 0, 0, 2, 0, 0, 0, 0, 1, 0, 0, 0, 0, 0, 1, 6, 0, 1, 0, 17, 1, 18, 6, 0, 0, 0, 0, 0, 0, 0, 1, 0, 0, 2, 0, 0, 0, 0, 0, 0, 1, 0, 0, 0, 0, 0, 0, 0, 0, 0, 0, 1, 0, 0, 0, 0, 0, 0, 2, 1, 0, 0, 2, 2, 0, 2, 0, 0, 1, 0, 0, 0, 1, 0, 0, 0, 0, 0, 0, 5, 2, 1, 0, 10, 0, 9, 3, 0, 0, 0, 0, 0, 0, 0, 1, 1, 1, 1, 0, 0, 0, 0, 0, 3, 8, 0, 3, 0, 2, 0, 1, 2, 0, 0, 0, 8, 2, 3, 0, 2, 2, 0, 0, 1, 2, 2, 6], [19, 1, 5, 0, 7, 0, 3, 1, 2, 1, 0, 0, 0, 1, 0, 0, 3, 0, 0, 0, 3, 0, 3, 1, 0, 0, 0, 1, 0, 0, 0, 0, 5, 0, 1, 0, 0, 0, 0, 0, 1, 3, 0, 1, 0, 1, 0, 1, 0, 0, 0, 0, 0, 0, 0, 0, 0, 0, 0, 0, 0, 1, 0, 0, 4, 1, 1, 0, 1, 0, 0, 0, 1, 1, 0, 0, 0, 0, 0, 0, 3, 0, 0, 0, 1, 0, 0, 0, 0, 0, 0, 0, 0, 0, 0, 0, 4, 0, 0, 0, 1, 0, 0, 0, 3, 1, 0, 2, 1, 0, 0, 0, 0, 0, 0, 0, 1, 0, 1, 0, 0, 0, 0, 0, 0, 1, 0, 0, 7, 0, 3, 0, 0, 0, 1, 0, 1, 0, 0, 0, 0, 0, 0, 1, 10, 0, 1, 0, 12, 0, 5, 2, 1, 0, 0, 1, 1, 0, 2, 2, 4, 0, 0, 0, 0, 0, 0, 0, 1, 1, 0, 1, 0, 0, 0, 0, 1, 0, 0, 0, 1, 0, 1, 0, 0, 0, 0, 0, 0, 1, 1, 0, 5, 1, 0, 0, 1, 0, 0, 0, 1, 0, 0, 0, 0, 0, 0, 0, 16, 1, 0, 1, 14, 0, 4, 4, 1, 0, 0, 0, 0, 0, 0, 3, 8, 1, 0, 0, 0, 0, 0, 0, 2, 2, 1, 1, 0, 0, 1, 1, 10, 0, 0, 0, 11, 0, 4, 3, 8, 4, 0, 1, 5, 3, 5, 7], [9, 5, 1, 6, 1, 0, 2, 2, 3, 9, 0, 3, 0, 0, 1, 0, 2, 1, 1, 1, 1, 0, 1, 3, 0, 0, 0, 0, 0, 0, 1, 3, 4, 1, 0, 0, 0, 0, 0, 1, 3, 23, 1, 10, 0, 1, 0, 3, 1, 0, 0, 0, 0, 0, 0, 1, 0, 0, 1, 0, 0, 1, 0, 5, 0, 0, 1, 0, 0, 0, 0, 0, 1, 1, 0, 0, 0, 0, 0, 0, 0, 0, 0, 0, 0, 0, 0, 0, 0, 0, 0, 0, 1, 0, 0, 0, 4, 0, 1, 3, 0, 1, 1, 1, 17, 41, 1, 18, 1, 1, 1, 3, 1, 0, 0, 0, 0, 0, 0, 0, 2, 2, 0, 0, 0, 0, 0, 2, 0, 1, 0, 0, 0, 0, 0, 1, 0, 0, 0, 0, 0, 0, 0, 0, 1, 0, 0, 0, 1, 0, 1, 0, 0, 0, 0, 0, 0, 0, 0, 1, 0, 0, 0, 0, 0, 0, 0, 0, 2, 1, 0, 3, 0, 0, 0, 0, 0, 0, 0, 1, 0, 0, 0, 0, 0, 0, 0, 0, 0, 0, 0, 1, 0, 2, 0, 0, 0, 0, 1, 0, 1, 0, 0, 0, 0, 0, 0, 0, 1, 0, 0, 0, 0, 0, 0, 1, 0, 0, 0, 0, 0, 0, 0, 1, 2, 0, 0, 0, 1, 0, 0, 0, 5, 14, 0, 3, 0, 0, 0, 7, 0, 0, 0, 0, 0, 0, 0, 0, 1, 3, 0, 0, 0, 2, 0, 9], [17, 7, 0, 5, 0, 0, 0, 0, 2, 13, 0, 12, 0, 1, 0, 3, 1, 0, 0, 0, 1, 0, 0, 0, 0, 1, 0, 0, 0, 0, 1, 0, 6, 0, 0, 2, 0, 0, 2, 0, 12, 29, 1, 38, 0, 1, 0, 7, 0, 0, 0, 0, 0, 0, 0, 1, 0, 1, 0, 0, 0, 0, 0, 2, 4, 0, 0, 0, 0, 0, 0, 0, 0, 1, 0, 0, 0, 0, 0, 0, 1, 0, 0, 0, 0, 0, 0, 0, 0, 0, 0, 0, 0, 0, 0, 0, 5, 1, 0, 1, 0, 0, 0, 0, 8, 26, 0, 8, 0, 3, 1, 6, 0, 0, 0, 0, 0, 0, 0, 0, 0, 0, 0, 1, 1, 0, 0, 0, 1, 0, 0, 0, 0, 0, 0, 0, 0, 0, 1, 1, 0, 0, 0, 0, 2, 0, 0, 0, 0, 0, 0, 0, 0, 0, 0, 0, 0, 0, 0, 1, 0, 0, 0, 0, 0, 0, 0, 0, 1, 1, 0, 0, 0, 0, 0, 0, 0, 0, 0, 0, 0, 0, 0, 0, 0, 0, 0, 0, 0, 0, 0, 1, 1, 0, 0, 0, 0, 0, 0, 0, 0, 0, 0, 0, 0, 0, 0, 0, 1, 1, 0, 0, 0, 0, 0, 0, 0, 1, 0, 1, 0, 0, 0, 1, 0, 0, 0, 1, 0, 0, 0, 1, 4, 6, 0, 10, 0, 0, 0, 1, 2, 2, 0, 0, 0, 1, 0, 1, 1, 1, 0, 2, 0, 1, 0, 3], [20, 2, 1, 2, 3, 0, 2, 1, 3, 3, 2, 2, 0, 0, 0, 0, 2, 1, 0, 0, 0, 0, 1, 0, 0, 0, 0, 0, 1, 0, 0, 0, 3, 0, 0, 0, 0, 0, 0, 0, 3, 6, 0, 4, 1, 0, 0, 2, 0, 0, 0, 0, 0, 0, 0, 0, 0, 0, 0, 0, 0, 0, 0, 0, 4, 0, 0, 0, 0, 0, 0, 0, 0, 0, 0, 0, 0, 0, 0, 0, 3, 0, 0, 0, 0, 1, 0, 0, 0, 0, 0, 0, 0, 0, 0, 0, 2, 0, 1, 0, 0, 0, 0, 0, 2, 1, 0, 0, 0, 0, 0, 1, 0, 0, 0, 0, 2, 0, 0, 0, 0, 0, 0, 0, 0, 0, 0, 0, 7, 0, 0, 0, 0, 0, 0, 0, 1, 0, 0, 2, 0, 0, 0, 0, 5, 0, 1, 0, 11, 0, 5, 0, 0, 0, 0, 0, 1, 0, 0, 1, 1, 0, 0, 0, 0, 0, 0, 0, 0, 0, 0, 0, 0, 0, 1, 0, 0, 0, 0, 0, 0, 0, 1, 0, 0, 0, 0, 0, 0, 0, 1, 0, 7, 0, 0, 0, 0, 0, 0, 0, 1, 0, 0, 0, 1, 0, 0, 0, 18, 0, 0, 0, 32, 0, 2, 2, 1, 0, 0, 0, 1, 0, 0, 0, 7, 0, 0, 0, 1, 0, 0, 0, 1, 3, 0, 5, 0, 0, 0, 0, 39, 3, 0, 0, 14, 2, 6, 0, 6, 1, 2, 1, 2, 0, 2, 5], [7, 1, 0, 5, 1, 0, 2, 6, 2, 2, 0, 10, 0, 0, 0, 24, 1, 1, 0, 0, 2, 0, 0, 3, 0, 0, 0, 0, 0, 0, 0, 3, 0, 0, 0, 0, 1, 0, 1, 1, 3, 3, 0, 2, 0, 0, 2, 6, 0, 0, 0, 0, 0, 0, 0, 0, 1, 0, 0, 0, 0, 0, 0, 0, 0, 0, 1, 0, 0, 0, 0, 1, 0, 0, 0, 0, 0, 0, 0, 0, 0, 0, 1, 0, 0, 0, 0, 0, 0, 0, 0, 0, 0, 0, 0, 0, 4, 0, 0, 0, 0, 1, 0, 0, 5, 3, 0, 1, 0, 0, 0, 0, 0, 0, 0, 0, 0, 0, 0, 0, 0, 0, 0, 0, 0, 0, 0, 0, 2, 0, 0, 0, 0, 0, 0, 0, 0, 0, 0, 0, 0, 0, 0, 2, 0, 0, 0, 0, 0, 0, 0, 0, 0, 0, 0, 0, 0, 0, 0, 1, 1, 0, 0, 0, 0, 0, 0, 0, 0, 1, 0, 0, 0, 0, 0, 2, 0, 0, 0, 0, 1, 0, 0, 0, 1, 0, 0, 0, 0, 0, 0, 1, 4, 0, 0, 1, 0, 0, 0, 0, 0, 1, 0, 0, 0, 0, 0, 0, 2, 0, 0, 1, 2, 0, 0, 0, 0, 0, 0, 0, 0, 0, 0, 2, 36, 0, 0, 1, 0, 0, 0, 0, 42, 2, 0, 4, 0, 1, 0, 4, 22, 0, 0, 0, 7, 2, 0, 0, 22, 0, 2, 3, 0, 1, 1, 3], [19, 0, 4, 4, 1, 0, 4, 3, 1, 2, 0, 1, 0, 0, 0, 1, 1, 1, 3, 1, 5, 0, 8, 8, 0, 0, 0, 0, 0, 0, 0, 0, 1, 0, 1, 0, 0, 0, 0, 0, 3, 8, 0, 3, 0, 0, 0, 3, 0, 0, 0, 0, 1, 0, 0, 0, 0, 0, 0, 0, 0, 1, 0, 3, 2, 0, 0, 0, 0, 0, 0, 0, 1, 0, 0, 0, 0, 0, 0, 0, 1, 0, 0, 0, 0, 0, 1, 0, 0, 0, 0, 0, 0, 0, 0, 0, 4, 0, 0, 0, 1, 0, 0, 0, 7, 3, 0, 2, 0, 4, 0, 4, 1, 0, 0, 0, 1, 0, 0, 0, 1, 0, 0, 0, 0, 0, 0, 1, 3, 0, 1, 0, 1, 0, 0, 0, 1, 0, 0, 0, 0, 0, 1, 0, 3, 1, 0, 1, 2, 0, 9, 7, 0, 1, 0, 1, 0, 0, 0, 2, 1, 0, 0, 0, 0, 0, 0, 0, 2, 2, 0, 0, 0, 0, 0, 0, 1, 0, 0, 0, 0, 0, 0, 1, 0, 0, 0, 0, 0, 0, 0, 0, 13, 1, 0, 0, 0, 0, 1, 0, 1, 0, 0, 0, 0, 0, 0, 1, 4, 0, 0, 0, 2, 1, 1, 1, 0, 2, 0, 0, 1, 0, 0, 0, 18, 1, 0, 0, 0, 0, 0, 1, 23, 7, 1, 2, 0, 0, 0, 2, 11, 0, 0, 0, 8, 0, 1, 4, 5, 1, 2, 0, 0, 0, 0, 3], [9, 1, 1, 2, 0, 0, 1, 2, 3, 7, 1, 3, 0, 0, 0, 2, 0, 0, 0, 0, 4, 0, 8, 3, 0, 0, 0, 0, 0, 0, 0, 0, 2, 0, 0, 0, 0, 0, 1, 0, 2, 9, 0, 14, 0, 0, 0, 0, 0, 0, 0, 0, 0, 0, 1, 0, 1, 1, 0, 0, 0, 0, 0, 0, 1, 0, 0, 0, 1, 0, 0, 0, 0, 1, 0, 0, 0, 0, 0, 0, 0, 0, 0, 0, 0, 0, 0, 0, 0, 0, 0, 0, 0, 0, 0, 0, 10, 0, 0, 0, 0, 0, 1, 0, 16, 17, 0, 4, 0, 1, 0, 0, 0, 0, 0, 0, 0, 0, 0, 1, 0, 0, 0, 0, 0, 0, 0, 0, 1, 0, 1, 0, 0, 0, 0, 0, 0, 0, 0, 1, 0, 0, 0, 0, 1, 0, 0, 0, 6, 1, 14, 2, 0, 0, 0, 0, 1, 0, 0, 0, 1, 0, 0, 0, 0, 0, 0, 0, 0, 0, 0, 0, 0, 0, 0, 0, 0, 0, 0, 0, 1, 0, 0, 1, 0, 0, 0, 0, 0, 0, 0, 1, 5, 2, 0, 0, 0, 0, 0, 0, 0, 0, 0, 0, 0, 0, 0, 0, 12, 0, 0, 0, 15, 0, 3, 4, 0, 0, 0, 0, 0, 1, 0, 0, 11, 1, 0, 0, 0, 0, 0, 0, 26, 7, 0, 2, 0, 1, 0, 4, 5, 0, 0, 0, 7, 0, 0, 1, 6, 3, 0, 1, 3, 0, 2, 0], [11, 1, 4, 4, 2, 0, 1, 1, 2, 5, 0, 4, 0, 1, 1, 2, 1, 0, 0, 1, 0, 0, 4, 3, 0, 0, 0, 0, 0, 0, 0, 3, 5, 0, 0, 0, 0, 0, 0, 0, 4, 8, 2, 14, 0, 0, 0, 9, 0, 0, 0, 0, 0, 0, 0, 1, 0, 0, 0, 2, 0, 0, 0, 2, 3, 0, 0, 0, 0, 0, 0, 0, 1, 0, 0, 0, 0, 0, 0, 0, 0, 0, 0, 0, 0, 0, 0, 0, 0, 0, 0, 0, 0, 0, 0, 1, 4, 0, 1, 0, 0, 0, 1, 0, 7, 4, 0, 6, 0, 0, 0, 2, 1, 0, 0, 0, 0, 0, 1, 0, 0, 0, 0, 0, 0, 0, 0, 0, 3, 2, 0, 1, 0, 0, 0, 0, 0, 1, 0, 0, 0, 0, 0, 1, 6, 0, 0, 0, 3, 0, 3, 3, 0, 0, 0, 0, 0, 0, 0, 0, 0, 0, 0, 0, 0, 0, 0, 0, 0, 2, 0, 1, 0, 0, 0, 0, 0, 0, 1, 0, 0, 0, 0, 0, 0, 1, 0, 2, 0, 1, 0, 7, 5, 0, 0, 0, 0, 0, 0, 0, 1, 0, 0, 0, 0, 0, 0, 0, 13, 0, 0, 1, 19, 1, 1, 0, 0, 0, 0, 0, 0, 1, 1, 0, 5, 1, 1, 0, 0, 1, 0, 0, 9, 4, 0, 2, 1, 0, 0, 1, 6, 0, 0, 2, 9, 2, 2, 1, 3, 3, 0, 4, 2, 3, 3, 9], [17, 2, 5, 2, 1, 0, 3, 0, 1, 5, 1, 4, 0, 0, 0, 0, 1, 0, 0, 0, 1, 0, 5, 0, 0, 0, 0, 0, 0, 0, 0, 0, 2, 0, 0, 1, 0, 0, 1, 0, 2, 20, 1, 31, 0, 0, 0, 0, 0, 0, 0, 0, 0, 0, 0, 0, 0, 0, 0, 0, 0, 1, 0, 1, 5, 0, 2, 0, 0, 0, 0, 0, 0, 1, 0, 0, 0, 0, 0, 0, 0, 0, 0, 0, 0, 0, 0, 0, 0, 0, 0, 0, 0, 0, 0, 0, 4, 0, 0, 1, 0, 0, 0, 1, 3, 8, 0, 12, 0, 0, 0, 3, 0, 0, 0, 0, 0, 0, 0, 0, 0, 0, 0, 0, 1, 0, 0, 0, 4, 0, 1, 0, 0, 0, 0, 0, 0, 0, 0, 0, 0, 0, 0, 0, 4, 0, 0, 0, 14, 0, 15, 0, 0, 0, 0, 0, 0, 1, 0, 1, 0, 0, 0, 0, 0, 0, 0, 0, 0, 1, 0, 0, 0, 0, 0, 0, 0, 0, 0, 0, 0, 0, 0, 0, 0, 0, 0, 0, 1, 5, 1, 10, 4, 0, 0, 0, 1, 0, 1, 0, 1, 1, 0, 0, 0, 0, 0, 0, 10, 0, 1, 0, 15, 2, 9, 1, 0, 1, 0, 0, 1, 1, 0, 0, 1, 0, 0, 1, 1, 0, 0, 1, 0, 0, 0, 0, 0, 0, 0, 0, 0, 0, 0, 1, 6, 0, 2, 0, 1, 0, 0, 1, 2, 4, 2, 6], [15, 3, 8, 7, 4, 0, 6, 1, 2, 2, 0, 6, 0, 0, 1, 6, 7, 0, 1, 1, 6, 0, 16, 3, 0, 1, 0, 1, 0, 0, 1, 2, 0, 0, 0, 0, 0, 0, 1, 1, 0, 5, 0, 25, 0, 0, 0, 4, 0, 0, 0, 0, 1, 1, 0, 0, 1, 0, 0, 0, 0, 0, 0, 2, 1, 1, 0, 0, 2, 0, 0, 2, 0, 0, 0, 0, 0, 0, 1, 1, 0, 0, 0, 0, 2, 0, 2, 0, 0, 0, 0, 0, 0, 0, 0, 1, 1, 0, 0, 0, 0, 0, 0, 0, 2, 3, 0, 3, 0, 0, 0, 4, 0, 0, 0, 0, 0, 0, 0, 0, 0, 0, 0, 0, 0, 0, 0, 1, 0, 0, 0, 0, 2, 0, 2, 0, 0, 0, 0, 0, 0, 0, 0, 0, 4, 1, 1, 0, 15, 2, 13, 8, 1, 0, 0, 0, 0, 1, 0, 5, 0, 0, 0, 0, 0, 0, 0, 1, 0, 1, 0, 1, 0, 0, 0, 0, 0, 0, 0, 0, 0, 0, 0, 1, 0, 1, 0, 0, 0, 0, 0, 8, 1, 0, 0, 0, 0, 0, 0, 0, 0, 0, 0, 0, 0, 0, 0, 0, 0, 1, 0, 0, 12, 3, 7, 4, 0, 0, 0, 0, 0, 0, 1, 1, 0, 1, 0, 0, 0, 0, 0, 0, 0, 1, 0, 2, 0, 0, 0, 0, 0, 0, 0, 0, 2, 0, 1, 1, 0, 2, 0, 2, 0, 3, 0, 4], [13, 1, 4, 2, 6, 2, 9, 3, 3, 0, 0, 1, 1, 0, 3, 4, 5, 1, 0, 0, 7, 1, 14, 12, 1, 0, 0, 0, 1, 0, 0, 3, 2, 0, 0, 0, 0, 0, 0, 0, 1, 1, 1, 1, 1, 0, 0, 3, 1, 0, 0, 0, 1, 0, 0, 1, 0, 1, 0, 0, 0, 0, 0, 1, 1, 0, 0, 1, 0, 0, 0, 1, 0, 1, 0, 0, 0, 0, 0, 1, 0, 0, 0, 0, 2, 0, 0, 0, 0, 0, 0, 0, 0, 0, 1, 1, 1, 0, 0, 0, 1, 0, 0, 0, 1, 1, 0, 0, 0, 0, 0, 1, 0, 0, 0, 0, 0, 0, 0, 0, 0, 0, 0, 0, 0, 0, 0, 0, 4, 0, 1, 0, 0, 0, 1, 1, 0, 1, 0, 1, 0, 1, 1, 0, 1, 0, 0, 0, 11, 2, 21, 9, 0, 0, 0, 1, 1, 1, 0, 8, 0, 0, 0, 0, 0, 0, 0, 0, 0, 0, 0, 0, 0, 0, 0, 0, 0, 0, 0, 0, 3, 0, 0, 0, 0, 0, 0, 1, 0, 0, 1, 0, 5, 1, 0, 1, 1, 0, 1, 1, 0, 0, 0, 0, 0, 0, 0, 0, 7, 0, 1, 0, 11, 2, 7, 6, 0, 0, 0, 0, 1, 0, 0, 2, 2, 0, 1, 0, 0, 0, 0, 1, 1, 0, 0, 1, 0, 0, 0, 1, 2, 1, 0, 0, 5, 1, 2, 3, 1, 0, 0, 0, 5, 1, 2, 11], [15, 6, 2, 1, 0, 0, 1, 0, 1, 16, 1, 9, 0, 2, 0, 1, 0, 2, 0, 0, 0, 0, 0, 1, 0, 1, 0, 1, 0, 0, 0, 1, 2, 0, 1, 3, 0, 0, 0, 1, 8, 21, 0, 15, 0, 0, 0, 8, 0, 0, 0, 1, 0, 0, 0, 1, 1, 0, 0, 3, 0, 0, 0, 1, 1, 0, 1, 1, 0, 0, 0, 0, 0, 1, 0, 0, 0, 0, 0, 0, 0, 0, 0, 0, 0, 0, 0, 0, 0, 0, 0, 0, 0, 0, 0, 0, 4, 1, 1, 1, 0, 1, 1, 0, 9, 46, 1, 22, 0, 0, 3, 7, 0, 0, 0, 0, 0, 0, 0, 0, 1, 1, 1, 0, 0, 0, 2, 4, 0, 0, 0, 0, 0, 0, 0, 0, 0, 0, 0, 0, 0, 0, 0, 0, 1, 0, 0, 0, 1, 1, 0, 1, 0, 0, 0, 2, 0, 0, 0, 0, 0, 0, 1, 0, 0, 0, 0, 0, 1, 0, 0, 1, 0, 1, 0, 0, 0, 0, 0, 0, 0, 0, 0, 0, 0, 1, 0, 0, 0, 0, 0, 1, 1, 0, 0, 0, 0, 0, 0, 0, 0, 0, 0, 0, 0, 1, 0, 0, 0, 0, 0, 0, 0, 0, 1, 0, 0, 0, 0, 0, 0, 0, 0, 0, 0, 0, 0, 1, 0, 0, 0, 0, 3, 9, 0, 0, 0, 2, 1, 4, 0, 0, 0, 0, 0, 0, 0, 1, 0, 3, 0, 0, 1, 1, 2, 5], [29, 4, 3, 4, 1, 1, 0, 0, 7, 7, 0, 1, 0, 0, 0, 0, 2, 0, 1, 0, 0, 0, 1, 0, 0, 1, 0, 0, 0, 0, 0, 1, 4, 1, 0, 1, 0, 0, 1, 0, 10, 9, 2, 8, 0, 1, 0, 1, 0, 0, 0, 0, 1, 0, 1, 2, 1, 0, 0, 1, 2, 0, 0, 3, 3, 2, 2, 0, 0, 0, 0, 0, 0, 1, 0, 0, 0, 0, 0, 0, 0, 0, 0, 0, 0, 0, 0, 0, 0, 0, 0, 0, 0, 0, 0, 0, 10, 0, 1, 3, 0, 0, 0, 0, 19, 32, 1, 5, 2, 3, 1, 3, 1, 0, 0, 0, 0, 0, 0, 0, 0, 2, 0, 0, 0, 0, 0, 3, 2, 0, 0, 0, 0, 1, 0, 0, 1, 0, 0, 0, 0, 0, 0, 0, 2, 0, 0, 0, 2, 0, 2, 1, 0, 0, 0, 0, 0, 0, 0, 0, 0, 0, 0, 1, 0, 0, 1, 0, 0, 5, 0, 1, 0, 1, 0, 0, 1, 0, 0, 0, 0, 0, 2, 1, 0, 0, 0, 1, 0, 0, 1, 1, 2, 0, 0, 0, 0, 0, 0, 0, 0, 0, 0, 0, 0, 0, 0, 0, 2, 0, 0, 0, 0, 0, 0, 0, 0, 1, 0, 0, 0, 0, 0, 0, 3, 1, 0, 0, 0, 0, 1, 0, 11, 10, 0, 3, 0, 1, 0, 1, 0, 0, 0, 0, 0, 0, 0, 0, 3, 4, 0, 1, 0, 2, 2, 4], [10, 0, 1, 1, 3, 0, 1, 0, 1, 0, 0, 3, 0, 0, 0, 0, 0, 0, 0, 0, 4, 0, 0, 0, 0, 0, 0, 0, 0, 0, 0, 0, 2, 0, 0, 0, 0, 0, 0, 0, 3, 18, 1, 32, 1, 0, 0, 0, 0, 0, 0, 0, 0, 0, 0, 0, 0, 0, 0, 0, 0, 0, 0, 0, 4, 0, 0, 0, 1, 0, 0, 1, 0, 1, 0, 0, 0, 0, 0, 0, 0, 0, 0, 0, 0, 0, 0, 0, 0, 0, 0, 0, 0, 0, 0, 0, 4, 1, 0, 0, 0, 0, 1, 0, 3, 10, 0, 7, 0, 0, 0, 0, 0, 0, 0, 0, 0, 0, 0, 0, 0, 0, 0, 0, 0, 0, 0, 0, 6, 0, 0, 0, 0, 0, 1, 0, 1, 0, 0, 0, 1, 0, 0, 0, 4, 0, 0, 0, 13, 0, 10, 1, 0, 0, 0, 0, 0, 1, 1, 0, 0, 0, 0, 0, 0, 0, 0, 0, 0, 0, 0, 1, 0, 0, 0, 0, 0, 0, 0, 0, 2, 0, 1, 0, 1, 1, 0, 0, 1, 0, 0, 2, 5, 0, 1, 0, 0, 0, 1, 0, 0, 0, 0, 0, 0, 0, 0, 0, 3, 1, 1, 0, 42, 1, 7, 0, 0, 0, 0, 0, 2, 0, 0, 0, 6, 0, 0, 0, 0, 0, 0, 0, 2, 9, 0, 1, 1, 0, 0, 1, 4, 0, 0, 0, 6, 0, 1, 1, 3, 7, 0, 3, 3, 4, 1, 6], [17, 3, 16, 7, 4, 0, 8, 2, 0, 0, 3, 7, 1, 0, 0, 5, 0, 1, 0, 1, 4, 0, 3, 2, 0, 0, 0, 0, 0, 0, 0, 2, 0, 0, 0, 0, 0, 0, 0, 0, 1, 7, 0, 10, 0, 1, 0, 4, 0, 0, 0, 0, 0, 0, 0, 0, 0, 0, 0, 0, 1, 1, 0, 4, 1, 0, 0, 0, 1, 0, 1, 0, 0, 1, 0, 0, 0, 0, 0, 0, 0, 0, 0, 0, 2, 0, 1, 0, 0, 0, 0, 0, 0, 0, 0, 0, 0, 0, 0, 1, 0, 0, 0, 0, 4, 11, 0, 6, 0, 1, 0, 1, 0, 0, 0, 0, 0, 0, 0, 0, 1, 0, 0, 0, 0, 1, 0, 1, 1, 0, 1, 0, 0, 0, 0, 0, 0, 0, 0, 0, 0, 1, 0, 0, 1, 0, 0, 0, 11, 0, 9, 3, 0, 0, 0, 0, 1, 1, 0, 7, 0, 0, 0, 0, 0, 0, 1, 0, 0, 0, 0, 1, 0, 0, 0, 0, 1, 0, 1, 0, 0, 0, 0, 0, 0, 2, 0, 0, 0, 2, 1, 4, 3, 0, 0, 0, 1, 0, 0, 0, 0, 0, 0, 0, 0, 0, 0, 0, 1, 0, 0, 0, 23, 3, 5, 3, 0, 0, 0, 0, 0, 0, 0, 1, 1, 0, 0, 0, 0, 0, 0, 0, 5, 3, 0, 2, 0, 1, 1, 2, 2, 0, 0, 0, 4, 1, 3, 1, 1, 2, 0, 1, 2, 4, 0, 11], [21, 8, 6, 7, 4, 0, 4, 5, 1, 9, 0, 4, 0, 3, 0, 4, 1, 1, 1, 0, 0, 1, 4, 8, 0, 0, 0, 0, 0, 0, 0, 2, 1, 4, 0, 2, 0, 0, 0, 0, 5, 18, 1, 18, 0, 2, 0, 3, 0, 0, 0, 0, 0, 0, 0, 2, 0, 2, 0, 0, 0, 1, 1, 5, 6, 0, 1, 1, 0, 0, 0, 0, 0, 2, 1, 0, 0, 0, 0, 0, 0, 0, 0, 0, 0, 0, 0, 0, 0, 0, 0, 0, 0, 0, 0, 0, 0, 1, 0, 1, 0, 0, 0, 1, 1, 30, 0, 12, 1, 0, 0, 2, 0, 0, 0, 0, 0, 0, 0, 0, 0, 0, 0, 1, 0, 2, 0, 3, 4, 0, 1, 0, 1, 0, 0, 0, 1, 0, 0, 1, 0, 0, 0, 2, 0, 1, 0, 1, 3, 0, 7, 0, 0, 0, 0, 0, 0, 0, 0, 1, 1, 0, 0, 0, 0, 0, 0, 0, 0, 2, 0, 1, 0, 0, 0, 0, 0, 0, 0, 0, 0, 0, 2, 0, 1, 0, 0, 0, 0, 3, 0, 0, 2, 0, 0, 0, 0, 0, 0, 0, 0, 0, 0, 0, 0, 0, 0, 0, 0, 0, 0, 0, 1, 0, 0, 1, 0, 0, 0, 0, 0, 0, 0, 1, 0, 0, 1, 0, 0, 0, 0, 0, 0, 2, 0, 1, 1, 0, 0, 1, 0, 0, 1, 0, 0, 0, 0, 0, 1, 0, 0, 1, 2, 3, 3, 5], [15, 3, 3, 4, 1, 2, 14, 14, 1, 2, 1, 7, 0, 1, 0, 7, 1, 0, 0, 0, 7, 1, 11, 33, 0, 0, 0, 1, 0, 0, 0, 9, 2, 0, 0, 1, 0, 0, 0, 0, 3, 8, 0, 2, 1, 0, 0, 0, 0, 0, 0, 0, 0, 0, 2, 0, 0, 0, 0, 0, 0, 0, 0, 3, 1, 0, 0, 0, 0, 0, 0, 0, 0, 0, 0, 0, 0, 0, 0, 0, 0, 0, 0, 0, 1, 0, 0, 0, 0, 0, 0, 0, 0, 0, 0, 1, 3, 0, 0, 0, 0, 0, 0, 0, 13, 10, 0, 0, 0, 2, 0, 1, 0, 0, 0, 0, 0, 0, 0, 0, 0, 0, 0, 0, 0, 0, 0, 2, 1, 0, 1, 0, 1, 0, 0, 1, 0, 1, 0, 0, 0, 0, 0, 1, 1, 0, 0, 0, 4, 1, 5, 11, 0, 0, 0, 0, 0, 0, 0, 4, 0, 0, 0, 0, 0, 0, 0, 0, 0, 0, 0, 0, 0, 0, 0, 0, 0, 0, 0, 0, 0, 0, 0, 0, 0, 0, 0, 0, 0, 0, 1, 3, 1, 0, 0, 0, 0, 0, 0, 0, 1, 0, 0, 0, 0, 0, 0, 0, 3, 0, 1, 0, 2, 1, 2, 2, 0, 0, 0, 0, 0, 0, 0, 1, 6, 0, 0, 0, 0, 0, 0, 3, 9, 3, 0, 0, 2, 0, 1, 1, 6, 0, 0, 0, 0, 0, 0, 3, 1, 0, 0, 1, 0, 2, 0, 3], [11, 2, 3, 3, 6, 0, 11, 14, 4, 3, 0, 2, 0, 0, 1, 12, 4, 0, 0, 0, 6, 0, 17, 17, 0, 0, 0, 0, 0, 0, 1, 5, 0, 1, 0, 0, 0, 0, 0, 0, 0, 3, 0, 3, 0, 0, 0, 3, 0, 0, 0, 0, 0, 0, 2, 0, 0, 0, 0, 0, 1, 1, 0, 3, 2, 0, 1, 0, 0, 0, 0, 0, 1, 1, 0, 0, 0, 0, 0, 0, 0, 0, 0, 0, 1, 0, 0, 0, 0, 0, 0, 0, 0, 0, 0, 0, 1, 0, 0, 0, 1, 0, 0, 0, 4, 6, 0, 2, 0, 1, 0, 2, 0, 0, 0, 0, 1, 0, 0, 0, 0, 0, 0, 0, 1, 1, 0, 2, 2, 0, 0, 0, 0, 0, 1, 0, 0, 0, 0, 0, 1, 0, 0, 1, 4, 0, 0, 0, 6, 1, 20, 12, 0, 0, 0, 0, 0, 0, 0, 1, 0, 0, 0, 1, 0, 0, 0, 0, 1, 0, 0, 1, 0, 0, 0, 0, 1, 1, 0, 0, 0, 0, 0, 0, 0, 0, 0, 0, 0, 0, 0, 3, 1, 1, 0, 0, 3, 0, 0, 0, 0, 0, 0, 0, 0, 1, 0, 0, 4, 1, 0, 0, 3, 2, 4, 3, 0, 0, 0, 0, 0, 0, 0, 5, 1, 0, 0, 0, 0, 0, 0, 0, 0, 5, 0, 0, 0, 0, 1, 2, 2, 0, 0, 0, 1, 0, 3, 1, 0, 1, 0, 0, 0, 4, 2, 10], [16, 5, 0, 5, 1, 1, 2, 6, 0, 2, 0, 4, 0, 2, 2, 8, 2, 0, 0, 0, 1, 0, 0, 5, 1, 0, 0, 1, 0, 0, 1, 3, 1, 1, 0, 1, 0, 0, 0, 0, 3, 7, 0, 13, 0, 0, 0, 10, 1, 0, 0, 0, 0, 0, 1, 0, 0, 1, 0, 1, 0, 2, 0, 3, 7, 1, 0, 1, 0, 0, 0, 1, 0, 0, 0, 0, 0, 0, 0, 1, 1, 0, 0, 0, 0, 0, 0, 0, 0, 0, 0, 0, 0, 0, 0, 0, 4, 1, 1, 0, 0, 0, 0, 0, 9, 3, 0, 5, 2, 1, 0, 3, 2, 0, 0, 0, 0, 0, 0, 0, 0, 0, 0, 1, 0, 0, 0, 2, 1, 1, 0, 0, 1, 0, 1, 0, 1, 1, 0, 1, 0, 0, 0, 1, 3, 0, 0, 1, 11, 0, 22, 5, 0, 0, 0, 0, 1, 0, 0, 5, 0, 0, 0, 0, 0, 0, 0, 0, 1, 1, 0, 1, 0, 0, 0, 1, 0, 0, 0, 0, 0, 0, 0, 1, 0, 1, 0, 0, 0, 0, 0, 1, 5, 0, 0, 0, 0, 0, 0, 0, 0, 1, 0, 0, 1, 0, 0, 0, 1, 1, 0, 0, 5, 0, 9, 1, 0, 1, 0, 0, 0, 0, 0, 0, 1, 0, 0, 0, 1, 0, 0, 0, 4, 5, 1, 0, 0, 1, 1, 2, 0, 0, 1, 1, 2, 1, 1, 2, 1, 2, 0, 1, 4, 0, 1, 5], [25, 2, 1, 4, 4, 1, 3, 2, 3, 1, 0, 2, 0, 2, 0, 8, 8, 0, 1, 0, 2, 0, 3, 1, 0, 0, 0, 0, 0, 0, 0, 3, 3, 2, 0, 1, 0, 0, 0, 0, 1, 6, 0, 6, 0, 0, 0, 3, 0, 0, 0, 0, 1, 0, 1, 0, 1, 0, 0, 0, 0, 0, 0, 1, 3, 0, 0, 1, 0, 0, 0, 0, 0, 0, 0, 1, 0, 0, 0, 0, 1, 0, 0, 0, 0, 0, 0, 0, 0, 0, 0, 0, 0, 0, 0, 0, 6, 0, 0, 1, 2, 0, 0, 0, 3, 2, 0, 2, 0, 0, 0, 1, 1, 0, 0, 0, 0, 0, 1, 0, 1, 0, 0, 0, 1, 0, 0, 1, 7, 0, 2, 0, 2, 0, 0, 0, 0, 0, 0, 0, 0, 1, 1, 1, 6, 0, 0, 0, 6, 0, 1, 1, 1, 0, 0, 0, 0, 0, 0, 1, 2, 0, 0, 0, 0, 0, 0, 0, 0, 0, 0, 0, 0, 0, 0, 0, 1, 0, 0, 0, 0, 0, 0, 1, 0, 0, 0, 0, 1, 0, 0, 3, 8, 0, 0, 0, 0, 0, 1, 0, 0, 0, 0, 0, 0, 0, 0, 1, 13, 1, 2, 0, 13, 3, 4, 6, 1, 0, 0, 0, 0, 1, 0, 1, 9, 0, 0, 0, 2, 0, 0, 0, 0, 1, 0, 1, 0, 0, 0, 0, 18, 0, 1, 0, 11, 0, 2, 1, 4, 0, 1, 1, 3, 4, 0, 3], [17, 2, 2, 1, 3, 1, 2, 11, 4, 2, 1, 8, 0, 1, 2, 6, 2, 1, 2, 1, 6, 1, 7, 7, 0, 0, 0, 1, 0, 1, 1, 6, 6, 0, 0, 0, 0, 0, 1, 0, 2, 2, 0, 4, 0, 0, 0, 5, 0, 0, 0, 0, 0, 0, 0, 1, 1, 0, 0, 0, 0, 0, 0, 1, 0, 0, 0, 0, 0, 0, 0, 0, 0, 0, 0, 1, 0, 0, 0, 0, 0, 0, 0, 0, 0, 0, 1, 1, 0, 0, 0, 0, 0, 0, 0, 1, 3, 0, 0, 0, 0, 0, 0, 0, 1, 1, 0, 0, 0, 0, 0, 1, 0, 0, 0, 0, 0, 0, 0, 0, 0, 0, 0, 0, 0, 0, 0, 0, 1, 0, 1, 0, 0, 0, 0, 1, 0, 0, 0, 0, 0, 0, 0, 0, 7, 0, 1, 0, 2, 0, 3, 7, 0, 0, 0, 0, 0, 0, 0, 3, 0, 0, 0, 0, 0, 0, 0, 0, 0, 0, 0, 2, 0, 0, 1, 0, 0, 0, 0, 0, 1, 0, 0, 0, 1, 0, 0, 0, 0, 0, 0, 2, 9, 1, 0, 0, 0, 0, 0, 2, 0, 0, 0, 1, 0, 0, 0, 0, 13, 2, 0, 1, 9, 2, 2, 1, 1, 0, 0, 1, 0, 1, 0, 1, 10, 0, 0, 1, 1, 0, 0, 1, 1, 0, 0, 0, 0, 0, 0, 0, 27, 0, 2, 0, 9, 2, 1, 2, 3, 0, 0, 2, 2, 2, 1, 6], [16, 3, 3, 1, 1, 0, 0, 0, 3, 4, 0, 4, 0, 0, 0, 2, 3, 0, 1, 0, 0, 0, 0, 0, 0, 0, 0, 0, 0, 0, 0, 1, 8, 0, 0, 1, 0, 0, 0, 0, 10, 7, 1, 5, 1, 0, 0, 1, 0, 0, 0, 1, 0, 0, 1, 0, 0, 0, 0, 0, 0, 0, 0, 0, 9, 1, 0, 0, 0, 0, 0, 0, 1, 1, 0, 0, 0, 0, 0, 0, 0, 0, 0, 0, 0, 0, 0, 0, 0, 0, 0, 0, 0, 0, 0, 0, 7, 2, 1, 0, 0, 0, 0, 0, 24, 26, 2, 7, 0, 2, 0, 2, 0, 0, 0, 0, 0, 0, 1, 0, 0, 0, 0, 3, 0, 1, 0, 5, 3, 0, 1, 0, 0, 0, 0, 0, 0, 0, 0, 1, 0, 0, 0, 0, 1, 0, 0, 0, 5, 0, 0, 1, 0, 0, 0, 0, 0, 0, 0, 0, 0, 1, 0, 0, 0, 0, 0, 0, 0, 4, 0, 1, 0, 1, 0, 0, 1, 0, 0, 0, 0, 1, 1, 0, 0, 0, 0, 1, 0, 1, 0, 1, 0, 1, 0, 1, 0, 0, 0, 0, 0, 2, 0, 0, 0, 0, 0, 1, 1, 0, 1, 0, 3, 0, 1, 0, 0, 0, 0, 0, 1, 0, 0, 1, 3, 2, 0, 1, 0, 0, 2, 0, 13, 11, 0, 4, 0, 3, 0, 0, 2, 0, 0, 0, 2, 0, 1, 1, 3, 4, 1, 4, 5, 2, 2, 8], [18, 3, 3, 1, 1, 0, 0, 0, 2, 1, 0, 0, 1, 0, 0, 0, 1, 0, 0, 0, 1, 0, 0, 0, 0, 0, 0, 0, 0, 0, 0, 0, 8, 1, 0, 2, 0, 0, 0, 0, 10, 8, 0, 0, 0, 0, 0, 0, 3, 0, 0, 0, 0, 0, 0, 0, 0, 1, 0, 0, 0, 0, 0, 1, 4, 0, 0, 0, 0, 0, 0, 0, 1, 1, 0, 0, 0, 0, 0, 0, 0, 0, 0, 0, 0, 0, 0, 0, 0, 0, 0, 0, 0, 0, 0, 0, 14, 2, 0, 0, 0, 0, 0, 0, 24, 39, 2, 4, 0, 0, 1, 0, 2, 0, 0, 0, 0, 0, 0, 0, 0, 1, 0, 1, 0, 1, 0, 1, 4, 1, 0, 0, 0, 0, 0, 0, 0, 0, 0, 0, 0, 0, 0, 0, 0, 0, 2, 1, 2, 0, 3, 0, 0, 0, 0, 0, 0, 0, 0, 0, 1, 0, 0, 0, 0, 0, 0, 0, 0, 0, 0, 0, 0, 0, 0, 0, 0, 0, 0, 0, 0, 0, 0, 0, 0, 0, 0, 0, 0, 0, 0, 1, 5, 0, 0, 0, 0, 0, 0, 0, 2, 1, 0, 0, 0, 0, 0, 0, 1, 0, 0, 0, 3, 0, 1, 0, 0, 0, 0, 0, 0, 0, 0, 0, 10, 1, 1, 0, 0, 1, 0, 0, 21, 20, 1, 6, 3, 1, 0, 0, 5, 0, 0, 0, 3, 0, 2, 0, 2, 6, 2, 1, 0, 3, 0, 4], [11, 1, 5, 0, 2, 0, 2, 0, 0, 2, 0, 2, 0, 0, 0, 1, 0, 0, 0, 0, 2, 0, 0, 0, 0, 0, 0, 1, 0, 0, 1, 1, 3, 0, 0, 0, 0, 0, 0, 0, 3, 22, 1, 36, 0, 0, 0, 3, 0, 0, 0, 0, 0, 0, 0, 0, 1, 0, 0, 0, 0, 0, 0, 2, 7, 0, 0, 0, 1, 0, 0, 0, 0, 0, 1, 0, 0, 0, 0, 0, 0, 0, 0, 0, 1, 0, 0, 1, 0, 0, 0, 0, 0, 0, 0, 0, 2, 0, 0, 0, 0, 0, 0, 0, 3, 12, 1, 12, 0, 0, 0, 0, 1, 0, 0, 0, 2, 0, 0, 0, 0, 0, 0, 0, 0, 0, 0, 0, 1, 0, 0, 1, 0, 0, 2, 0, 0, 0, 0, 0, 0, 0, 0, 1, 4, 0, 0, 0, 6, 0, 7, 1, 0, 0, 0, 0, 1, 0, 0, 2, 0, 0, 0, 0, 0, 0, 0, 0, 1, 1, 0, 2, 0, 0, 0, 0, 1, 0, 0, 0, 1, 0, 1, 0, 0, 0, 0, 1, 0, 2, 0, 5, 9, 0, 0, 0, 0, 0, 0, 0, 0, 0, 0, 0, 0, 0, 0, 0, 8, 0, 0, 1, 19, 2, 3, 2, 0, 0, 0, 0, 0, 2, 0, 2, 2, 0, 0, 0, 0, 0, 0, 0, 2, 3, 1, 2, 0, 0, 0, 0, 3, 0, 0, 0, 6, 1, 4, 1, 4, 4, 0, 1, 4, 2, 1, 9], [10, 0, 2, 0, 0, 0, 0, 0, 1, 2, 0, 4, 2, 0, 0, 5, 1, 0, 0, 0, 1, 0, 0, 0, 0, 0, 0, 0, 0, 0, 0, 2, 1, 0, 0, 1, 0, 0, 0, 0, 3, 17, 0, 12, 0, 0, 0, 3, 0, 0, 0, 0, 0, 0, 0, 0, 0, 0, 0, 0, 0, 0, 0, 0, 11, 0, 0, 0, 1, 0, 0, 0, 0, 0, 0, 0, 0, 0, 0, 0, 0, 0, 0, 0, 0, 0, 0, 0, 0, 0, 0, 0, 0, 0, 0, 0, 9, 0, 0, 0, 0, 0, 1, 0, 5, 19, 0, 7, 0, 1, 0, 0, 0, 0, 0, 0, 0, 0, 0, 1, 0, 0, 0, 0, 0, 1, 0, 0, 2, 0, 0, 1, 0, 0, 1, 0, 1, 0, 0, 0, 0, 0, 0, 0, 2, 0, 0, 0, 17, 1, 16, 1, 0, 0, 0, 0, 0, 2, 0, 0, 0, 0, 0, 0, 0, 0, 0, 0, 0, 0, 0, 0, 0, 0, 0, 0, 1, 0, 0, 0, 2, 0, 0, 0, 0, 0, 0, 0, 3, 0, 3, 2, 11, 0, 0, 0, 0, 0, 0, 0, 0, 0, 0, 0, 0, 0, 0, 0, 15, 0, 1, 0, 13, 0, 6, 0, 0, 1, 0, 0, 0, 1, 0, 1, 1, 0, 0, 0, 1, 0, 0, 0, 4, 8, 0, 1, 0, 1, 0, 1, 5, 0, 0, 0, 7, 1, 2, 2, 4, 2, 0, 3, 7, 5, 1, 2], [19, 6, 3, 3, 1, 0, 0, 0, 4, 10, 1, 7, 0, 1, 0, 1, 1, 0, 1, 0, 1, 0, 0, 0, 0, 0, 0, 0, 0, 0, 0, 0, 7, 3, 0, 3, 0, 0, 0, 1, 11, 24, 0, 37, 0, 1, 1, 2, 0, 0, 0, 0, 0, 0, 0, 0, 0, 1, 0, 1, 0, 0, 0, 0, 4, 0, 1, 0, 0, 0, 1, 0, 2, 1, 0, 0, 0, 0, 0, 0, 1, 0, 0, 0, 0, 0, 0, 0, 0, 0, 0, 0, 0, 0, 0, 0, 7, 0, 1, 1, 0, 0, 0, 1, 12, 19, 1, 14, 0, 0, 0, 6, 0, 0, 0, 0, 0, 0, 0, 0, 0, 2, 0, 0, 0, 1, 0, 1, 1, 1, 0, 0, 1, 0, 0, 0, 0, 0, 0, 0, 0, 0, 0, 0, 2, 0, 1, 0, 5, 0, 1, 0, 0, 1, 0, 0, 0, 0, 1, 0, 0, 0, 0, 0, 0, 0, 0, 0, 0, 2, 0, 1, 0, 0, 0, 0, 0, 0, 0, 0, 0, 1, 0, 0, 0, 0, 0, 0, 0, 2, 0, 7, 1, 0, 0, 0, 0, 0, 0, 0, 0, 0, 0, 0, 0, 0, 0, 0, 2, 0, 0, 0, 4, 1, 1, 0, 0, 0, 0, 0, 0, 0, 0, 0, 0, 0, 0, 0, 0, 0, 0, 0, 1, 8, 0, 0, 0, 0, 0, 1, 3, 0, 0, 0, 0, 0, 0, 0, 1, 3, 0, 0, 0, 1, 0, 4], [37, 2, 1, 1, 3, 0, 1, 0, 4, 5, 0, 0, 1, 0, 0, 0, 3, 0, 0, 0, 3, 1, 4, 1, 0, 0, 0, 0, 0, 0, 0, 0, 8, 3, 1, 0, 2, 0, 0, 0, 8, 2, 0, 2, 1, 0, 0, 2, 1, 0, 0, 0, 2, 0, 0, 0, 0, 0, 0, 0, 1, 0, 0, 3, 5, 2, 1, 0, 0, 0, 1, 0, 0, 0, 0, 0, 0, 0, 0, 0, 1, 0, 0, 0, 1, 0, 0, 0, 0, 0, 0, 0, 0, 0, 0, 1, 9, 2, 0, 0, 0, 0, 1, 0, 10, 10, 0, 3, 0, 1, 1, 1, 1, 0, 0, 0, 0, 0, 0, 0, 1, 1, 0, 0, 0, 0, 0, 1, 4, 0, 0, 1, 3, 0, 0, 0, 0, 0, 0, 0, 0, 0, 0, 0, 2, 0, 5, 1, 6, 0, 3, 2, 0, 0, 0, 0, 2, 0, 0, 3, 3, 0, 0, 0, 0, 0, 0, 0, 1, 1, 0, 2, 0, 0, 0, 0, 3, 0, 1, 0, 1, 0, 0, 0, 0, 0, 0, 0, 0, 0, 1, 1, 9, 0, 0, 0, 1, 0, 0, 0, 1, 1, 0, 0, 0, 0, 0, 1, 8, 0, 0, 0, 2, 0, 3, 0, 0, 1, 0, 1, 2, 0, 1, 2, 9, 0, 0, 0, 1, 0, 0, 0, 3, 2, 0, 3, 0, 0, 0, 0, 6, 1, 0, 0, 2, 0, 1, 0, 3, 3, 1, 1, 0, 3, 2, 8], [33, 0, 2, 1, 6, 0, 4, 1, 2, 0, 0, 2, 0, 0, 0, 1, 12, 2, 0, 0, 8, 0, 3, 3, 0, 0, 0, 0, 0, 0, 1, 1, 1, 0, 0, 0, 0, 0, 0, 1, 1, 0, 0, 0, 0, 0, 0, 0, 0, 0, 0, 0, 1, 0, 0, 0, 0, 0, 0, 0, 0, 1, 0, 1, 7, 0, 2, 0, 0, 0, 1, 0, 0, 0, 0, 0, 0, 0, 0, 0, 1, 0, 0, 0, 1, 0, 0, 0, 0, 0, 0, 0, 0, 0, 0, 0, 1, 1, 0, 0, 0, 0, 0, 0, 1, 0, 0, 0, 0, 1, 0, 0, 1, 0, 0, 0, 0, 1, 0, 2, 0, 0, 0, 0, 0, 0, 0, 0, 4, 0, 1, 1, 1, 0, 2, 1, 1, 0, 0, 0, 1, 1, 0, 1, 10, 0, 1, 1, 14, 1, 17, 8, 1, 0, 0, 1, 0, 1, 3, 5, 0, 1, 0, 0, 1, 0, 0, 0, 0, 0, 0, 2, 0, 0, 0, 0, 0, 0, 0, 0, 1, 0, 0, 1, 1, 1, 0, 0, 2, 1, 0, 2, 7, 0, 1, 1, 3, 0, 2, 1, 0, 1, 0, 0, 0, 0, 0, 0, 6, 0, 2, 0, 13, 2, 6, 8, 0, 1, 0, 0, 1, 0, 0, 3, 0, 0, 0, 0, 0, 0, 0, 0, 0, 0, 0, 0, 1, 0, 0, 2, 1, 0, 0, 0, 3, 1, 6, 5, 2, 2, 0, 0, 0, 2, 1, 3], [22, 0, 1, 2, 8, 1, 7, 17, 0, 0, 0, 5, 1, 0, 1, 20, 6, 0, 0, 0, 4, 0, 6, 6, 0, 1, 0, 1, 1, 0, 1, 12, 0, 0, 1, 0, 0, 0, 0, 0, 1, 1, 0, 0, 0, 0, 0, 3, 0, 0, 0, 0, 2, 0, 0, 0, 0, 0, 1, 0, 2, 0, 0, 2, 1, 0, 0, 0, 0, 1, 0, 0, 0, 0, 0, 0, 0, 1, 0, 1, 0, 0, 0, 0, 1, 0, 0, 0, 0, 0, 0, 0, 0, 0, 0, 0, 7, 0, 0, 1, 0, 0, 0, 0, 3, 1, 0, 2, 1, 0, 0, 3, 0, 0, 0, 0, 0, 0, 1, 0, 0, 0, 0, 0, 0, 0, 0, 2, 0, 1, 1, 1, 0, 0, 0, 1, 0, 0, 0, 1, 1, 0, 0, 2, 5, 1, 0, 0, 1, 0, 3, 5, 1, 0, 0, 0, 1, 0, 0, 1, 0, 0, 0, 0, 0, 0, 0, 0, 0, 0, 0, 0, 0, 1, 0, 0, 0, 0, 0, 1, 0, 0, 2, 2, 0, 0, 0, 0, 0, 0, 0, 0, 3, 0, 0, 2, 2, 0, 0, 1, 0, 0, 0, 0, 0, 0, 0, 0, 16, 1, 0, 2, 11, 0, 1, 2, 1, 0, 0, 0, 0, 0, 1, 4, 3, 0, 0, 0, 0, 0, 1, 1, 5, 3, 0, 0, 0, 0, 0, 0, 6, 0, 0, 0, 12, 0, 4, 2, 0, 1, 0, 0, 0, 0, 1, 5], [7, 0, 1, 0, 2, 0, 1, 1, 1, 0, 0, 1, 1, 0, 0, 3, 1, 0, 0, 0, 4, 0, 2, 0, 0, 0, 0, 0, 0, 0, 0, 0, 0, 0, 0, 0, 0, 0, 0, 0, 3, 0, 0, 0, 0, 0, 0, 0, 1, 0, 0, 0, 0, 0, 1, 0, 0, 0, 0, 0, 0, 0, 0, 0, 2, 0, 0, 0, 0, 0, 0, 0, 0, 0, 0, 0, 0, 0, 0, 0, 0, 0, 0, 0, 0, 0, 0, 0, 0, 0, 0, 0, 0, 0, 0, 0, 2, 0, 0, 0, 0, 0, 0, 0, 1, 0, 0, 0, 0, 0, 0, 0, 1, 0, 0, 0, 0, 0, 1, 0, 1, 0, 0, 0, 0, 0, 0, 0, 6, 0, 0, 0, 0, 0, 0, 0, 0, 0, 0, 1, 0, 0, 0, 2, 7, 1, 1, 0, 6, 0, 1, 0, 0, 0, 0, 0, 0, 0, 0, 0, 0, 0, 0, 0, 0, 0, 0, 0, 0, 0, 0, 0, 0, 0, 0, 1, 1, 0, 1, 0, 0, 0, 0, 0, 0, 1, 0, 0, 0, 0, 0, 0, 12, 0, 0, 0, 1, 0, 0, 0, 1, 1, 0, 1, 0, 0, 0, 0, 47, 0, 0, 0, 18, 0, 1, 1, 0, 0, 0, 0, 0, 0, 0, 1, 11, 0, 0, 0, 2, 0, 0, 0, 4, 0, 0, 1, 1, 0, 0, 0, 49, 2, 3, 1, 34, 0, 2, 1, 4, 2, 2, 1, 9, 0, 0, 5], [12, 1, 0, 2, 0, 0, 1, 3, 5, 3, 0, 7, 0, 1, 2, 6, 1, 0, 0, 0, 0, 0, 0, 0, 0, 0, 0, 0, 0, 0, 0, 1, 6, 1, 0, 0, 0, 1, 0, 0, 9, 5, 0, 2, 0, 0, 0, 4, 0, 0, 0, 0, 0, 0, 0, 0, 0, 0, 0, 0, 0, 0, 0, 0, 3, 1, 0, 0, 0, 0, 0, 0, 1, 1, 0, 0, 0, 0, 0, 0, 2, 0, 0, 0, 0, 0, 0, 0, 0, 0, 0, 1, 0, 0, 0, 0, 10, 1, 0, 0, 0, 0, 0, 0, 5, 3, 1, 2, 0, 0, 0, 2, 0, 0, 0, 0, 0, 0, 0, 0, 1, 1, 0, 2, 0, 0, 0, 2, 5, 0, 0, 0, 0, 0, 0, 0, 0, 0, 0, 0, 0, 0, 0, 4, 1, 0, 0, 0, 0, 0, 0, 0, 0, 0, 0, 0, 0, 0, 0, 0, 2, 1, 0, 0, 0, 0, 0, 0, 1, 1, 1, 0, 0, 0, 0, 1, 1, 0, 0, 0, 0, 0, 0, 0, 0, 0, 0, 0, 0, 0, 0, 0, 0, 0, 0, 0, 0, 0, 0, 1, 1, 0, 0, 1, 0, 0, 0, 0, 9, 0, 0, 0, 1, 0, 0, 0, 0, 0, 0, 1, 0, 0, 0, 1, 33, 1, 0, 2, 1, 0, 0, 0, 21, 3, 1, 0, 0, 0, 0, 2, 30, 4, 0, 1, 4, 0, 1, 0, 20, 2, 1, 5, 5, 0, 1, 2], [32, 2, 5, 1, 2, 0, 3, 1, 4, 2, 0, 0, 0, 0, 0, 0, 3, 0, 1, 1, 1, 1, 0, 1, 0, 0, 1, 0, 0, 0, 0, 0, 5, 0, 1, 0, 1, 0, 1, 0, 7, 5, 2, 3, 0, 2, 0, 1, 1, 0, 1, 0, 0, 0, 0, 0, 1, 0, 0, 0, 0, 0, 0, 3, 10, 0, 1, 0, 1, 1, 0, 0, 3, 2, 0, 0, 0, 0, 0, 0, 1, 0, 1, 1, 1, 0, 0, 0, 0, 1, 0, 0, 0, 1, 0, 0, 5, 0, 2, 0, 1, 0, 0, 0, 5, 12, 3, 2, 1, 0, 0, 0, 0, 0, 0, 0, 1, 0, 0, 1, 1, 0, 0, 1, 0, 0, 0, 0, 6, 0, 3, 0, 0, 0, 0, 0, 0, 0, 0, 0, 0, 0, 0, 0, 0, 0, 0, 0, 2, 1, 4, 1, 0, 0, 0, 1, 1, 1, 0, 0, 1, 0, 1, 0, 1, 0, 0, 0, 2, 1, 2, 1, 1, 0, 0, 1, 1, 0, 0, 0, 1, 0, 1, 0, 2, 1, 0, 1, 0, 0, 0, 3, 5, 0, 0, 0, 0, 0, 0, 0, 0, 1, 1, 0, 0, 0, 0, 0, 2, 1, 0, 1, 3, 0, 2, 1, 0, 0, 0, 0, 2, 0, 0, 3, 1, 1, 0, 1, 1, 0, 1, 0, 2, 7, 0, 3, 0, 1, 0, 3, 2, 0, 0, 1, 5, 1, 2, 3, 3, 6, 0, 0, 2, 3, 2, 17], [9, 2, 0, 0, 0, 0, 0, 0, 1, 0, 0, 0, 0, 0, 0, 0, 0, 0, 0, 0, 0, 0, 1, 0, 0, 0, 0, 0, 0, 0, 0, 0, 8, 0, 2, 0, 0, 0, 0, 0, 11, 5, 0, 2, 0, 0, 0, 0, 0, 1, 0, 0, 0, 0, 0, 0, 1, 0, 0, 0, 0, 0, 0, 0, 3, 0, 0, 0, 0, 0, 0, 0, 2, 2, 0, 0, 0, 0, 0, 0, 0, 0, 0, 0, 0, 0, 0, 0, 0, 0, 0, 0, 0, 0, 0, 0, 8, 3, 0, 1, 0, 0, 0, 0, 41, 32, 1, 4, 1, 3, 0, 0, 2, 0, 0, 0, 1, 0, 0, 0, 1, 0, 1, 0, 0, 1, 0, 2, 5, 0, 1, 0, 0, 0, 0, 0, 0, 0, 0, 0, 0, 0, 0, 0, 0, 0, 1, 0, 1, 0, 0, 0, 0, 0, 0, 0, 0, 0, 0, 0, 2, 0, 0, 0, 0, 0, 0, 0, 3, 1, 0, 0, 0, 1, 0, 0, 0, 0, 0, 0, 0, 0, 1, 0, 0, 1, 0, 0, 1, 0, 0, 0, 3, 0, 0, 0, 0, 0, 0, 0, 2, 0, 0, 0, 0, 0, 1, 0, 0, 0, 0, 0, 0, 0, 0, 0, 0, 0, 0, 0, 0, 1, 0, 0, 5, 1, 0, 0, 0, 0, 0, 0, 27, 38, 1, 7, 2, 1, 1, 1, 3, 2, 0, 1, 0, 0, 0, 0, 6, 4, 0, 3, 0, 0, 2, 3], [13, 1, 3, 4, 1, 1, 1, 1, 2, 0, 1, 2, 0, 0, 0, 2, 0, 0, 0, 1, 0, 0, 2, 4, 0, 1, 0, 1, 0, 0, 0, 3, 7, 0, 0, 1, 0, 0, 0, 0, 3, 10, 2, 17, 0, 0, 1, 5, 1, 0, 0, 0, 0, 0, 0, 1, 0, 0, 0, 0, 0, 0, 0, 8, 6, 2, 0, 0, 0, 0, 0, 0, 0, 2, 0, 0, 0, 0, 0, 0, 0, 0, 0, 0, 0, 0, 0, 0, 0, 0, 0, 0, 0, 1, 0, 0, 6, 1, 0, 0, 0, 0, 0, 0, 19, 10, 0, 6, 0, 1, 0, 2, 2, 0, 0, 0, 0, 0, 0, 0, 0, 1, 0, 1, 0, 0, 0, 1, 4, 0, 2, 0, 0, 0, 0, 0, 0, 0, 0, 1, 0, 0, 0, 1, 2, 1, 0, 0, 6, 0, 13, 4, 0, 0, 0, 0, 0, 0, 0, 0, 0, 0, 0, 0, 0, 0, 0, 0, 1, 2, 1, 1, 0, 1, 0, 1, 1, 0, 0, 0, 0, 0, 0, 0, 0, 1, 0, 0, 0, 0, 0, 2, 3, 0, 0, 0, 0, 0, 0, 0, 1, 0, 0, 1, 0, 0, 0, 0, 2, 0, 0, 0, 1, 1, 3, 0, 0, 1, 0, 0, 0, 1, 0, 1, 4, 0, 1, 0, 0, 0, 0, 0, 13, 9, 0, 3, 0, 0, 0, 0, 3, 0, 0, 0, 4, 0, 2, 3, 4, 4, 0, 3, 3, 0, 1, 7], [8, 0, 0, 5, 1, 0, 1, 7, 5, 6, 0, 11, 0, 0, 0, 8, 1, 0, 0, 0, 0, 0, 0, 6, 0, 1, 0, 0, 0, 0, 0, 5, 2, 1, 1, 1, 0, 0, 0, 0, 3, 8, 2, 21, 0, 0, 0, 14, 0, 0, 0, 0, 0, 0, 0, 0, 0, 0, 0, 0, 0, 0, 1, 5, 2, 0, 0, 1, 0, 0, 0, 0, 0, 0, 0, 0, 0, 0, 0, 0, 0, 0, 0, 0, 1, 0, 0, 0, 0, 0, 0, 0, 0, 0, 0, 0, 6, 0, 0, 0, 0, 0, 0, 0, 7, 5, 0, 5, 1, 0, 0, 1, 0, 0, 0, 0, 0, 0, 0, 0, 1, 0, 0, 0, 0, 0, 0, 1, 8, 0, 0, 0, 0, 0, 0, 1, 0, 0, 0, 0, 0, 0, 0, 1, 6, 1, 1, 0, 7, 0, 19, 5, 0, 0, 0, 0, 0, 0, 0, 1, 0, 0, 0, 0, 0, 0, 0, 0, 0, 0, 0, 0, 0, 0, 0, 0, 0, 0, 0, 0, 0, 0, 0, 0, 0, 0, 0, 0, 0, 0, 1, 0, 5, 0, 0, 0, 1, 0, 0, 0, 0, 0, 0, 0, 0, 0, 0, 0, 9, 0, 0, 0, 10, 0, 4, 2, 1, 0, 0, 0, 0, 0, 0, 1, 8, 0, 0, 0, 0, 0, 0, 0, 7, 3, 0, 1, 0, 0, 0, 1, 10, 0, 0, 0, 2, 0, 5, 1, 5, 0, 0, 0, 0, 0, 0, 3], [14, 2, 0, 0, 0, 0, 0, 0, 2, 0, 0, 1, 0, 0, 0, 0, 0, 0, 0, 0, 0, 0, 0, 0, 0, 0, 0, 0, 0, 0, 0, 0, 8, 2, 0, 0, 0, 0, 0, 0, 6, 4, 4, 15, 0, 0, 0, 3, 2, 0, 0, 0, 0, 0, 0, 0, 0, 0, 0, 0, 0, 0, 0, 0, 2, 0, 1, 1, 0, 0, 0, 0, 1, 1, 0, 0, 0, 0, 0, 0, 0, 0, 0, 0, 0, 0, 0, 0, 0, 0, 0, 0, 0, 0, 0, 0, 22, 1, 0, 0, 0, 0, 0, 0, 13, 6, 0, 3, 1, 0, 0, 0, 2, 0, 0, 0, 0, 0, 0, 0, 3, 0, 0, 0, 0, 0, 0, 0, 2, 0, 0, 0, 0, 0, 0, 0, 0, 0, 0, 0, 0, 0, 0, 0, 1, 0, 0, 0, 0, 0, 0, 0, 1, 0, 0, 0, 0, 0, 0, 1, 0, 0, 0, 0, 0, 0, 0, 0, 2, 1, 0, 0, 0, 0, 0, 0, 2, 0, 0, 0, 0, 0, 0, 0, 0, 0, 0, 0, 0, 0, 0, 0, 5, 0, 0, 0, 0, 0, 0, 0, 0, 0, 0, 0, 0, 0, 0, 0, 0, 0, 0, 0, 0, 0, 1, 0, 1, 0, 0, 0, 0, 0, 0, 0, 34, 1, 2, 0, 0, 0, 0, 0, 47, 9, 1, 4, 1, 0, 0, 0, 13, 0, 0, 0, 0, 1, 0, 0, 20, 7, 0, 2, 3, 0, 1, 2], [17, 1, 0, 0, 0, 0, 0, 0, 0, 0, 0, 0, 0, 0, 0, 0, 2, 0, 0, 0, 0, 0, 0, 0, 0, 0, 0, 0, 0, 0, 0, 0, 6, 0, 1, 0, 0, 0, 0, 0, 0, 0, 0, 0, 0, 0, 0, 0, 0, 0, 0, 0, 0, 0, 0, 0, 0, 0, 0, 0, 0, 0, 0, 0, 6, 0, 0, 0, 0, 0, 0, 0, 0, 0, 0, 0, 0, 0, 0, 0, 1, 0, 0, 0, 0, 0, 0, 0, 0, 0, 0, 0, 0, 0, 0, 0, 11, 0, 0, 0, 1, 0, 0, 0, 5, 0, 0, 0, 0, 0, 0, 0, 1, 0, 0, 0, 0, 0, 0, 0, 0, 0, 0, 0, 0, 0, 0, 0, 10, 0, 0, 0, 0, 0, 0, 0, 0, 0, 0, 0, 0, 0, 0, 0, 4, 0, 0, 0, 1, 0, 0, 0, 0, 0, 0, 0, 0, 0, 0, 0, 2, 0, 0, 0, 0, 0, 0, 0, 1, 0, 0, 0, 0, 0, 0, 0, 3, 0, 0, 0, 0, 0, 0, 0, 0, 0, 0, 0, 0, 0, 0, 0, 12, 0, 0, 0, 0, 0, 0, 0, 0, 0, 0, 0, 0, 0, 0, 0, 8, 0, 0, 0, 1, 0, 1, 1, 0, 0, 0, 0, 0, 0, 0, 0, 51, 1, 1, 0, 0, 0, 0, 0, 33, 4, 1, 0, 1, 1, 0, 0, 40, 2, 1, 0, 3, 0, 2, 1, 27, 4, 0, 3, 7, 0, 3, 3], [14, 1, 0, 0, 0, 0, 0, 0, 4, 0, 0, 0, 0, 0, 0, 0, 1, 0, 0, 0, 0, 0, 0, 0, 0, 0, 0, 0, 0, 0, 0, 0, 4, 1, 1, 1, 0, 0, 0, 0, 4, 1, 1, 0, 0, 0, 0, 0, 1, 0, 0, 0, 1, 0, 0, 0, 0, 0, 0, 0, 1, 1, 0, 0, 4, 1, 0, 0, 0, 0, 0, 0, 0, 0, 0, 0, 0, 0, 0, 0, 0, 0, 0, 0, 0, 0, 0, 0, 0, 0, 0, 0, 0, 0, 0, 0, 6, 1, 0, 0, 0, 0, 0, 0, 8, 1, 0, 0, 1, 0, 1, 0, 1, 0, 0, 0, 0, 0, 0, 0, 0, 0, 0, 0, 1, 0, 0, 0, 11, 0, 2, 0, 0, 0, 0, 0, 0, 0, 0, 0, 0, 0, 0, 0, 6, 0, 0, 0, 1, 0, 1, 0, 1, 0, 0, 0, 0, 0, 0, 0, 2, 0, 0, 0, 0, 0, 0, 0, 1, 0, 0, 1, 0, 0, 0, 0, 4, 0, 1, 0, 1, 0, 1, 0, 1, 0, 0, 0, 0, 0, 0, 0, 15, 1, 0, 0, 0, 0, 0, 0, 4, 0, 0, 0, 0, 0, 0, 0, 14, 0, 2, 0, 2, 1, 1, 0, 0, 0, 0, 0, 1, 0, 0, 0, 24, 1, 0, 0, 2, 0, 0, 0, 13, 1, 0, 2, 2, 0, 0, 1, 45, 1, 2, 0, 16, 0, 3, 1, 19, 2, 1, 0, 10, 0, 0, 2], [10, 1, 3, 1, 1, 0, 1, 0, 0, 1, 0, 2, 0, 0, 0, 0, 2, 0, 2, 0, 1, 0, 0, 1, 0, 0, 0, 0, 0, 0, 0, 1, 0, 0, 0, 0, 0, 0, 0, 0, 1, 0, 0, 0, 0, 0, 1, 2, 1, 0, 0, 0, 0, 0, 0, 0, 0, 0, 0, 0, 0, 0, 0, 0, 2, 0, 0, 0, 0, 0, 0, 0, 0, 1, 0, 0, 0, 0, 0, 0, 0, 0, 0, 0, 0, 0, 0, 0, 0, 0, 0, 0, 0, 0, 0, 0, 4, 0, 0, 0, 0, 0, 0, 0, 1, 1, 0, 0, 1, 0, 0, 0, 1, 0, 0, 0, 0, 0, 1, 0, 0, 0, 0, 0, 0, 1, 0, 0, 8, 1, 0, 1, 1, 0, 0, 0, 0, 0, 0, 2, 0, 0, 0, 0, 3, 0, 0, 0, 3, 1, 0, 0, 0, 0, 0, 0, 0, 0, 0, 1, 1, 0, 0, 0, 0, 0, 0, 0, 0, 0, 0, 0, 0, 0, 0, 0, 2, 0, 0, 0, 1, 0, 1, 1, 1, 0, 0, 0, 0, 0, 1, 0, 9, 0, 0, 0, 0, 0, 0, 0, 0, 1, 0, 0, 0, 0, 0, 0, 39, 0, 2, 0, 4, 0, 1, 0, 1, 0, 0, 0, 0, 0, 0, 2, 12, 0, 0, 1, 1, 0, 0, 2, 1, 0, 0, 0, 0, 0, 0, 1, 78, 5, 1, 2, 16, 0, 4, 3, 5, 2, 0, 2, 2, 2, 3, 9], [22, 3, 6, 4, 0, 1, 0, 1, 4, 3, 2, 2, 0, 0, 0, 0, 1, 1, 2, 1, 1, 0, 1, 4, 0, 0, 0, 1, 0, 0, 0, 3, 6, 0, 0, 0, 0, 0, 2, 1, 3, 1, 4, 2, 0, 0, 0, 2, 0, 0, 0, 0, 0, 0, 0, 0, 0, 1, 0, 0, 0, 0, 0, 4, 6, 5, 0, 0, 0, 0, 0, 0, 1, 0, 0, 1, 1, 0, 0, 0, 3, 0, 0, 0, 1, 0, 0, 0, 0, 0, 0, 0, 0, 0, 0, 0, 0, 0, 0, 0, 1, 0, 2, 1, 2, 1, 0, 1, 1, 0, 0, 1, 3, 0, 0, 0, 0, 0, 0, 0, 1, 0, 0, 0, 0, 1, 0, 3, 1, 0, 0, 0, 0, 0, 0, 0, 1, 0, 0, 0, 0, 0, 0, 0, 2, 0, 1, 2, 1, 0, 4, 0, 1, 3, 0, 0, 0, 0, 0, 1, 0, 0, 0, 0, 0, 0, 0, 0, 0, 0, 0, 1, 0, 1, 0, 1, 0, 0, 0, 0, 2, 0, 0, 2, 1, 0, 0, 1, 2, 0, 0, 3, 2, 0, 2, 0, 0, 0, 0, 0, 1, 0, 0, 0, 0, 1, 0, 0, 10, 2, 0, 0, 6, 2, 3, 1, 0, 1, 0, 0, 1, 1, 0, 1, 1, 0, 2, 0, 0, 0, 2, 1, 1, 4, 0, 4, 0, 4, 1, 3, 11, 2, 0, 2, 5, 0, 3, 8, 3, 4, 0, 1, 3, 6, 6, 18], [20, 3, 3, 1, 3, 0, 1, 2, 5, 0, 1, 0, 0, 0, 1, 0, 3, 0, 2, 3, 0, 2, 10, 25, 1, 0, 0, 1, 0, 0, 1, 1, 1, 0, 1, 0, 1, 0, 0, 0, 0, 0, 0, 0, 0, 0, 0, 1, 0, 0, 0, 0, 1, 0, 2, 5, 0, 0, 0, 0, 1, 0, 1, 0, 1, 1, 0, 0, 0, 0, 0, 0, 3, 0, 0, 0, 0, 1, 0, 1, 0, 0, 1, 0, 0, 0, 0, 0, 1, 0, 0, 0, 0, 0, 0, 0, 0, 0, 0, 0, 0, 0, 1, 0, 3, 0, 0, 0, 0, 0, 1, 0, 1, 0, 0, 0, 0, 0, 1, 3, 0, 0, 0, 0, 0, 1, 2, 2, 5, 3, 0, 1, 1, 0, 1, 0, 1, 0, 1, 0, 0, 0, 0, 1, 4, 0, 0, 1, 4, 2, 16, 8, 0, 0, 0, 0, 0, 1, 0, 0, 0, 0, 0, 0, 0, 0, 0, 0, 0, 0, 0, 0, 0, 0, 0, 0, 0, 0, 1, 0, 0, 0, 4, 1, 1, 0, 0, 0, 0, 0, 0, 2, 2, 0, 0, 0, 0, 0, 0, 0, 5, 1, 0, 0, 0, 0, 0, 0, 4, 2, 1, 0, 1, 0, 1, 1, 0, 1, 0, 0, 1, 0, 1, 0, 2, 1, 0, 0, 0, 0, 0, 1, 21, 1, 0, 1, 3, 1, 1, 1, 4, 1, 1, 0, 4, 0, 5, 5, 1, 0, 0, 1, 4, 4, 5, 10], [39, 4, 8, 3, 3, 1, 0, 1, 6, 1, 0, 5, 1, 0, 1, 1, 3, 1, 2, 2, 3, 1, 3, 2, 0, 1, 0, 0, 0, 0, 1, 1, 7, 2, 0, 0, 1, 0, 0, 1, 2, 2, 1, 2, 0, 0, 1, 4, 2, 0, 0, 0, 0, 1, 1, 1, 1, 0, 0, 0, 1, 1, 0, 1, 5, 2, 2, 0, 0, 0, 0, 0, 2, 1, 1, 0, 0, 0, 0, 2, 2, 0, 0, 0, 1, 0, 0, 1, 0, 0, 1, 0, 0, 0, 0, 1, 2, 1, 2, 1, 0, 1, 0, 0, 3, 6, 0, 3, 0, 2, 0, 2, 0, 0, 0, 0, 2, 0, 0, 0, 0, 0, 0, 0, 1, 0, 0, 2, 2, 1, 2, 2, 3, 0, 1, 0, 0, 0, 0, 0, 0, 0, 0, 0, 1, 3, 0, 1, 1, 0, 1, 4, 0, 2, 0, 0, 0, 0, 0, 2, 1, 0, 0, 0, 0, 0, 0, 1, 1, 1, 0, 1, 1, 0, 0, 0, 0, 0, 1, 0, 0, 0, 1, 1, 0, 0, 0, 0, 1, 2, 0, 6, 4, 0, 0, 0, 1, 0, 1, 0, 0, 0, 0, 0, 0, 0, 0, 2, 2, 0, 2, 0, 1, 0, 1, 0, 0, 0, 0, 1, 1, 0, 1, 5, 0, 0, 0, 1, 0, 3, 1, 2, 2, 1, 0, 2, 0, 0, 0, 2, 1, 0, 1, 1, 0, 2, 2, 3, 1, 1, 0, 5, 0, 2, 1, 10], [26, 3, 3, 1, 3, 1, 4, 1, 7, 1, 0, 4, 1, 1, 0, 0, 1, 2, 1, 0, 2, 0, 1, 0, 0, 0, 0, 1, 0, 0, 0, 0, 7, 4, 2, 1, 1, 0, 1, 0, 6, 8, 1, 6, 0, 1, 1, 2, 1, 0, 1, 1, 1, 0, 0, 0, 1, 2, 0, 1, 0, 1, 1, 1, 3, 1, 2, 1, 0, 0, 0, 0, 2, 4, 0, 2, 0, 0, 0, 0, 0, 0, 0, 0, 0, 0, 0, 0, 0, 0, 0, 0, 0, 0, 0, 0, 8, 4, 0, 0, 0, 0, 0, 1, 8, 7, 3, 3, 1, 1, 1, 3, 1, 0, 1, 0, 1, 2, 0, 1, 1, 1, 0, 0, 0, 0, 0, 2, 3, 0, 0, 0, 0, 0, 0, 2, 0, 0, 0, 1, 0, 0, 0, 1, 1, 0, 2, 0, 3, 0, 1, 0, 2, 0, 0, 0, 0, 0, 0, 1, 0, 1, 0, 0, 0, 1, 1, 0, 0, 0, 0, 1, 0, 0, 0, 1, 0, 1, 1, 1, 0, 0, 0, 1, 0, 0, 1, 0, 0, 1, 2, 6, 0, 1, 0, 0, 1, 0, 0, 0, 1, 0, 0, 0, 0, 0, 0, 1, 2, 0, 0, 0, 0, 0, 2, 0, 0, 0, 0, 0, 0, 0, 0, 3, 1, 0, 1, 1, 0, 0, 0, 0, 4, 8, 0, 7, 0, 0, 0, 2, 0, 1, 0, 0, 1, 0, 0, 1, 2, 1, 1, 6, 2, 6, 0, 12], [15, 2, 0, 4, 0, 0, 1, 3, 9, 2, 0, 1, 1, 0, 0, 5, 1, 0, 0, 2, 0, 0, 0, 4, 3, 0, 0, 0, 0, 0, 0, 3, 5, 1, 0, 0, 1, 0, 0, 1, 8, 2, 0, 4, 0, 0, 1, 1, 1, 0, 0, 0, 0, 0, 0, 0, 1, 0, 0, 0, 0, 0, 0, 2, 3, 0, 0, 0, 0, 0, 0, 0, 0, 0, 0, 1, 0, 0, 0, 0, 0, 0, 0, 0, 0, 0, 0, 0, 0, 0, 0, 0, 0, 0, 0, 1, 7, 1, 1, 1, 0, 0, 0, 2, 17, 3, 0, 4, 0, 1, 0, 1, 1, 0, 0, 0, 0, 0, 1, 1, 1, 0, 0, 0, 0, 0, 0, 0, 1, 0, 0, 1, 0, 0, 0, 0, 1, 0, 0, 0, 0, 0, 0, 0, 1, 0, 0, 0, 0, 0, 0, 0, 1, 0, 0, 0, 0, 0, 0, 0, 1, 0, 0, 0, 0, 0, 0, 0, 0, 1, 0, 1, 0, 0, 1, 0, 0, 0, 0, 0, 0, 0, 0, 0, 0, 0, 0, 2, 0, 0, 0, 1, 6, 0, 0, 0, 0, 0, 0, 1, 0, 0, 0, 0, 0, 0, 0, 0, 1, 0, 0, 0, 0, 1, 0, 1, 1, 0, 0, 1, 0, 0, 0, 0, 13, 2, 0, 1, 1, 0, 1, 0, 61, 8, 0, 4, 0, 0, 2, 6, 3, 0, 0, 1, 0, 0, 0, 1, 7, 4, 0, 2, 1, 3, 0, 9], [14, 0, 0, 0, 0, 0, 1, 5, 13, 2, 0, 5, 0, 0, 0, 23, 1, 0, 0, 0, 0, 0, 0, 1, 2, 0, 0, 0, 0, 0, 0, 5, 5, 0, 0, 0, 0, 0, 0, 0, 4, 1, 0, 0, 0, 0, 0, 0, 0, 1, 0, 0, 0, 0, 0, 0, 0, 0, 0, 0, 0, 1, 0, 0, 4, 0, 0, 0, 0, 0, 0, 0, 2, 0, 0, 0, 0, 0, 0, 0, 0, 0, 0, 0, 0, 0, 0, 0, 0, 0, 0, 0, 0, 0, 0, 0, 11, 0, 0, 0, 0, 0, 0, 0, 4, 1, 0, 1, 0, 0, 0, 2, 0, 0, 0, 0, 0, 0, 0, 1, 2, 0, 0, 0, 0, 0, 0, 0, 2, 0, 0, 0, 0, 0, 0, 0, 2, 0, 0, 1, 0, 0, 0, 0, 1, 0, 0, 0, 0, 0, 0, 0, 1, 0, 0, 0, 0, 0, 0, 0, 2, 0, 0, 0, 0, 0, 0, 0, 1, 0, 0, 0, 0, 0, 0, 0, 2, 0, 0, 0, 0, 0, 0, 0, 0, 0, 0, 0, 0, 0, 0, 0, 6, 0, 0, 0, 0, 0, 0, 0, 1, 0, 0, 0, 0, 0, 0, 1, 0, 0, 0, 0, 0, 0, 0, 0, 0, 0, 0, 0, 0, 0, 0, 0, 24, 2, 0, 0, 1, 0, 1, 5, 55, 6, 1, 1, 2, 0, 1, 9, 7, 1, 1, 0, 0, 0, 0, 4, 14, 3, 0, 2, 2, 2, 0, 9], [8, 1, 0, 2, 0, 0, 1, 6, 5, 1, 0, 5, 0, 0, 0, 15, 4, 0, 1, 0, 1, 0, 3, 8, 0, 0, 0, 0, 0, 0, 1, 2, 3, 0, 0, 0, 0, 0, 0, 1, 2, 3, 0, 0, 1, 0, 0, 0, 0, 0, 0, 0, 0, 0, 0, 0, 0, 0, 0, 0, 0, 0, 0, 0, 1, 0, 0, 0, 0, 0, 0, 0, 0, 0, 0, 0, 0, 0, 0, 0, 1, 0, 0, 0, 0, 0, 0, 0, 0, 0, 0, 0, 0, 0, 0, 0, 3, 0, 0, 0, 0, 0, 0, 0, 5, 0, 0, 0, 0, 0, 0, 0, 1, 0, 0, 0, 0, 0, 0, 0, 0, 0, 0, 0, 1, 0, 0, 1, 6, 0, 0, 0, 0, 0, 0, 0, 0, 0, 0, 0, 0, 0, 0, 0, 3, 0, 0, 0, 0, 0, 0, 3, 0, 0, 0, 0, 0, 0, 0, 0, 1, 0, 0, 0, 0, 0, 0, 0, 0, 0, 0, 0, 0, 0, 0, 0, 1, 0, 0, 0, 0, 0, 0, 0, 0, 0, 0, 0, 0, 0, 0, 0, 5, 0, 0, 0, 0, 0, 1, 0, 0, 0, 0, 0, 0, 0, 0, 1, 1, 0, 0, 0, 1, 0, 0, 0, 0, 0, 0, 0, 0, 0, 0, 0, 39, 0, 1, 1, 1, 1, 0, 3, 38, 3, 0, 2, 2, 0, 0, 11, 32, 1, 1, 2, 5, 1, 1, 1, 19, 1, 0, 0, 2, 0, 1, 6], [5, 1, 1, 0, 0, 0, 1, 4, 9, 0, 0, 0, 0, 0, 0, 10, 7, 0, 0, 0, 2, 0, 5, 2, 1, 0, 0, 1, 0, 0, 0, 1, 3, 0, 0, 0, 2, 0, 1, 0, 3, 0, 0, 0, 0, 0, 0, 0, 0, 0, 0, 0, 0, 0, 0, 0, 0, 0, 0, 0, 1, 0, 0, 2, 2, 1, 0, 0, 0, 0, 0, 0, 0, 0, 0, 0, 0, 0, 0, 1, 1, 0, 0, 0, 0, 0, 0, 0, 0, 0, 0, 0, 0, 0, 0, 0, 3, 1, 0, 0, 0, 0, 0, 0, 1, 0, 0, 1, 0, 0, 0, 0, 2, 0, 0, 0, 1, 0, 0, 0, 0, 0, 0, 0, 0, 0, 0, 0, 1, 1, 0, 0, 0, 0, 0, 0, 0, 0, 0, 0, 0, 0, 0, 0, 1, 0, 0, 0, 1, 0, 1, 3, 1, 0, 0, 0, 0, 0, 0, 1, 0, 0, 0, 0, 0, 0, 0, 0, 0, 0, 0, 1, 0, 0, 0, 1, 0, 0, 0, 0, 0, 0, 0, 0, 0, 0, 0, 0, 0, 0, 0, 3, 3, 0, 0, 0, 0, 0, 0, 1, 0, 0, 0, 0, 0, 0, 0, 1, 5, 0, 0, 1, 2, 1, 0, 1, 0, 1, 0, 0, 0, 0, 0, 1, 40, 2, 1, 2, 0, 0, 2, 1, 27, 1, 2, 3, 0, 1, 0, 5, 43, 2, 0, 0, 5, 1, 1, 5, 17, 1, 0, 4, 2, 1, 0, 8], [18, 2, 3, 2, 1, 0, 1, 1, 7, 4, 1, 1, 0, 0, 0, 2, 0, 0, 1, 2, 1, 0, 0, 3, 1, 3, 0, 1, 1, 0, 0, 2, 7, 0, 1, 0, 1, 0, 1, 0, 3, 0, 2, 2, 0, 0, 1, 1, 0, 0, 0, 0, 0, 0, 0, 2, 0, 0, 0, 1, 1, 0, 0, 2, 5, 1, 0, 0, 0, 1, 0, 0, 0, 0, 0, 2, 0, 0, 0, 2, 1, 0, 0, 0, 1, 1, 1, 0, 1, 0, 0, 0, 0, 0, 0, 0, 3, 0, 0, 0, 1, 0, 0, 0, 1, 1, 0, 0, 0, 1, 0, 0, 2, 0, 0, 0, 1, 0, 1, 1, 0, 0, 0, 0, 1, 0, 0, 1, 2, 1, 1, 1, 0, 0, 0, 0, 1, 0, 0, 0, 0, 1, 0, 0, 1, 0, 1, 2, 0, 0, 1, 1, 0, 0, 0, 0, 0, 0, 0, 2, 0, 0, 0, 1, 0, 0, 0, 0, 1, 0, 0, 0, 0, 0, 0, 0, 0, 0, 0, 0, 0, 0, 0, 0, 0, 0, 0, 1, 0, 2, 1, 3, 0, 1, 0, 0, 0, 0, 0, 0, 0, 0, 0, 1, 0, 0, 0, 0, 2, 2, 0, 1, 0, 0, 1, 1, 1, 0, 0, 0, 0, 0, 0, 1, 17, 1, 2, 1, 1, 1, 0, 0, 3, 0, 0, 4, 0, 2, 0, 7, 43, 5, 2, 1, 1, 0, 3, 7, 5, 1, 0, 3, 3, 9, 2, 13], [18, 6, 6, 2, 3, 1, 1, 0, 7, 6, 2, 1, 0, 1, 1, 2, 3, 1, 2, 4, 1, 0, 0, 1, 0, 0, 0, 1, 0, 1, 0, 3, 8, 0, 0, 0, 1, 0, 2, 1, 1, 0, 5, 1, 1, 0, 3, 1, 0, 0, 0, 0, 0, 0, 0, 2, 0, 0, 0, 0, 0, 0, 0, 4, 5, 0, 1, 0, 2, 0, 2, 0, 2, 1, 0, 0, 0, 1, 0, 0, 2, 0, 0, 0, 2, 2, 0, 0, 0, 0, 0, 0, 0, 0, 0, 0, 4, 0, 0, 0, 0, 0, 1, 0, 5, 1, 0, 0, 0, 1, 0, 2, 2, 0, 0, 0, 1, 0, 0, 0, 0, 0, 0, 0, 0, 1, 0, 5, 5, 0, 0, 1, 0, 0, 0, 1, 1, 0, 0, 0, 0, 1, 0, 0, 0, 0, 0, 0, 2, 1, 2, 0, 1, 0, 0, 0, 0, 0, 0, 2, 0, 0, 0, 0, 0, 0, 0, 0, 1, 0, 0, 2, 0, 0, 0, 1, 0, 0, 1, 0, 0, 1, 1, 2, 1, 0, 0, 2, 0, 0, 1, 5, 2, 0, 0, 0, 0, 0, 0, 1, 3, 1, 0, 0, 0, 2, 0, 0, 4, 3, 0, 0, 0, 1, 2, 1, 3, 1, 0, 1, 1, 0, 0, 2, 2, 3, 3, 1, 0, 0, 1, 0, 2, 1, 1, 3, 0, 0, 0, 2, 4, 2, 0, 3, 3, 1, 1, 5, 2, 0, 0, 2, 6, 6, 5, 16], [25, 2, 6, 2, 2, 0, 0, 1, 3, 2, 1, 3, 0, 0, 0, 0, 2, 2, 3, 0, 0, 1, 0, 7, 0, 1, 0, 0, 1, 2, 0, 1, 7, 0, 2, 0, 0, 0, 0, 0, 3, 1, 4, 2, 1, 0, 1, 1, 0, 0, 0, 1, 0, 0, 0, 0, 0, 1, 0, 0, 0, 0, 1, 4, 3, 2, 0, 0, 2, 0, 1, 0, 1, 1, 0, 2, 0, 1, 0, 0, 3, 0, 0, 0, 2, 0, 0, 0, 0, 0, 0, 0, 0, 0, 0, 0, 5, 0, 0, 0, 2, 0, 0, 0, 0, 1, 0, 0, 3, 1, 0, 2, 4, 0, 0, 0, 0, 0, 2, 1, 0, 0, 0, 0, 0, 0, 0, 2, 5, 1, 3, 0, 0, 0, 0, 0, 1, 0, 0, 1, 0, 0, 0, 0, 2, 0, 0, 1, 2, 1, 2, 1, 1, 0, 0, 0, 0, 0, 0, 4, 1, 0, 0, 0, 0, 0, 0, 0, 1, 0, 0, 1, 0, 2, 0, 0, 2, 0, 1, 0, 0, 0, 0, 1, 1, 0, 0, 0, 0, 0, 1, 5, 0, 0, 1, 0, 0, 0, 0, 1, 3, 1, 0, 0, 0, 1, 0, 0, 6, 0, 0, 0, 1, 0, 0, 1, 3, 2, 0, 0, 0, 1, 0, 1, 1, 1, 2, 0, 0, 0, 1, 2, 1, 2, 1, 3, 0, 2, 0, 4, 6, 3, 2, 1, 3, 2, 1, 7, 1, 4, 0, 2, 4, 5, 5, 19], [23, 0, 3, 2, 0, 0, 1, 0, 6, 2, 1, 1, 0, 0, 0, 0, 7, 1, 0, 1, 1, 0, 3, 7, 0, 0, 0, 0, 0, 0, 1, 1, 2, 0, 1, 0, 3, 0, 0, 0, 2, 0, 1, 2, 0, 0, 2, 0, 1, 0, 0, 0, 1, 0, 0, 1, 0, 0, 0, 0, 0, 0, 0, 1, 3, 1, 0, 0, 1, 0, 0, 0, 1, 2, 0, 0, 0, 0, 0, 0, 1, 0, 0, 0, 1, 0, 0, 0, 0, 0, 0, 0, 0, 0, 0, 0, 4, 1, 0, 0, 2, 0, 1, 1, 4, 1, 0, 1, 0, 1, 0, 1, 2, 0, 0, 0, 1, 0, 1, 3, 1, 0, 1, 0, 0, 1, 1, 1, 6, 1, 0, 1, 0, 0, 0, 0, 0, 0, 0, 0, 0, 0, 0, 0, 2, 1, 3, 1, 4, 0, 21, 4, 0, 0, 0, 0, 1, 0, 0, 1, 1, 1, 0, 0, 0, 0, 0, 0, 0, 0, 0, 0, 1, 0, 0, 0, 0, 0, 0, 1, 0, 0, 0, 1, 1, 1, 0, 0, 0, 0, 0, 2, 3, 1, 0, 0, 3, 0, 1, 1, 2, 2, 0, 0, 2, 1, 0, 0, 4, 1, 2, 0, 4, 0, 4, 0, 0, 0, 0, 1, 2, 0, 1, 1, 1, 1, 0, 0, 0, 0, 0, 0, 5, 2, 0, 7, 1, 2, 3, 7, 3, 4, 0, 1, 3, 0, 3, 5, 2, 1, 0, 1, 4, 6, 3, 12]]
