Karakter [jumlah garis | jumlah lingkaran | jumlah cabang } jumlah titik ujung | jumlah potongan cahincode | posisi titik ujung [kiri atas, kanan atas, kiri bawah, kanan bawah] [frekuensi arah pada chaincode (sama kayak yg kemaren)]]
'.', [1, 0, 0, 1, 0, [0, 0, 0, 1], array([0, 0, 0, 0, 0, 0, 0, 0])]
'_', [1, 0, 0, 2, 1, [0, 0, 1, 1], array([ 0,  0, 65,  0,  0,  0,  0,  0])]
'-', [1, 0, 0, 2, 1, [0, 0, 2, 0], array([ 0,  0,  1,  2, 15,  4,  1,  0])]
')', [1, 0, 0, 2, 1, [0, 1, 0, 1], array([ 0,  0,  4, 16, 90, 14,  6,  0])]
'<', [1, 0, 0, 2, 1, [0, 1, 0, 1], array([ 0,  0, 31, 19, 14, 17, 35,  0])]
'I', [1, 0, 0, 2, 1, [0, 1, 0, 1], array([ 0,  0,  0,  0, 81,  0,  0,  0])]
'[', [1, 0, 0, 2, 1, [0, 1, 0, 1], array([  0,   0,  12,   1, 110,   1,   0,   0])]
'/', [1, 0, 0, 2, 1, [0, 1, 1, 0], array([ 0,  0,  0,  0, 73, 18,  7,  0])]
'J', [1, 0, 0, 2, 1, [0, 1, 1, 0], array([12,  0,  0,  0, 80,  5, 28,  7])]
"'", [1, 0, 0, 2, 1, [1, 0, 0, 1], array([ 0,  0,  0, 26, 65,  0,  0,  0])]
'L', [1, 0, 0, 2, 1, [1, 0, 0, 1], array([ 0,  0, 47,  0, 82,  0,  0,  0])]
'Z', [1, 0, 0, 2, 1, [1, 0, 0, 1], array([  0,   0, 110,   2,  41,  42,  14,   0])]
'\\',[ 1, 0, 0, 2, 1, [1, 0, 0, 1], array([ 0,  0,  0, 26, 67,  0,  0,  0])]
'z', [1, 0, 0, 2, 1, [1, 0, 0, 1], array([ 0,  0, 87,  2, 43, 15, 25,  0])]
'*', [1, 0, 0, 2, 1, [1, 0, 1, 0], array([ 0,  0,  6, 14, 93, 15,  6,  0])]
'7', [1, 0, 0, 2, 1, [1, 0, 1, 0], array([ 0,  0, 44,  0, 63, 20, 12,  0])]
'>', [1, 0, 0, 2, 1, [1, 0, 1, 0], array([ 0,  0, 35, 16, 20, 15, 37,  0])]
']', [1, 0, 0, 2, 1, [1, 0, 1, 0], array([  0,   0,  12,   1, 112,   0,  13,   0])]
'l', [1, 0, 0, 2, 1, [1, 0, 1, 0], array([ 0,  0,  0,  0, 83,  0,  0,  0])]
'|', [1, 0, 0, 2, 1, [1, 0, 1, 0], array([  0,   0,   0,   0, 115,   0,   0,   0])]
'}', [1, 0, 0, 2, 1, [1, 0, 1, 0], array([ 0,  0, 12, 13, 90, 13, 13,  0])]
'U', [1, 0, 0, 2, 1, [1, 1, 0, 0], array([73, 10, 42, 11, 73,  0,  0,  1])]
'V', [1, 0, 0, 2, 1, [1, 1, 0, 0], array([58,  0,  0,  0, 59, 26, 20, 27])]
'W', [1, 0, 0, 2, 1, [1, 1, 0, 0], array([122,   0,   0,   0, 119,  45,  24,  41])]
'v', [1, 0, 0, 2, 1, [1, 1, 0, 0], array([40,  0,  0,  0, 39, 19, 16, 15])]
'~', [1, 0, 0, 2, 1, [1, 1, 0, 0], array([ 4,  0,  0,  0,  7, 12, 49,  4])]
'(', [1, 0, 0, 2, 1, [2, 0, 0, 0], array([ 0,  0,  0,  0, 20,  1,  0,  0])]
'`', [1, 0, 0, 2, 1, [2, 0, 0, 0], array([0, 0, 5, 7, 6, 0, 0, 0])]
'C', [1, 0, 0, 2, 2, [0, 1, 0, 1], array([16,  6, 70, 22, 66, 16, 22,  0])]
'c', [1, 0, 0, 2, 2, [0, 1, 0, 1], array([ 7, 10, 48, 16, 47, 12,  6,  0])]
'{', [1, 0, 0, 2, 2, [0, 1, 0, 1], array([ 0,  0, 11, 15, 90, 10, 16,  0])]
'S', [1, 0, 0, 2, 2, [0, 1, 1, 0], array([14,  0, 61, 26, 58, 21, 58,  9])]
'r', [1, 0, 0, 2, 2, [0, 1, 1, 0], array([ 0,  0,  0,  0, 51,  6, 11,  0])]
's', [1, 0, 0, 2, 2, [0, 1, 1, 0], array([ 6,  0, 48, 20, 38, 14, 32,  7])]
'G', [1, 0, 0, 2, 2, [0, 2, 0, 0], array([31,  7, 71, 29, 64, 13, 54,  1])]
'1', [1, 0, 0, 2, 2, [1, 0, 0, 1], array([ 0,  0,  0,  0, 74, 12, 11,  0])]
'2', [1, 0, 0, 2, 2, [1, 0, 0, 1], array([ 0,  0, 62,  5, 55, 43, 26,  0])]
'^', [1, 0, 0, 2, 2, [1, 1, 0, 0], array([ 0,  0,  8, 11, 53,  9,  8,  0])]
'u', [1, 0, 0, 2, 2, [1, 1, 0, 0], array([50,  7, 29,  8, 51,  0,  0,  0])]
'M', [1, 0, 0, 2, 3, [0, 0, 1, 1], array([ 46,   0,   0,   1, 223,   6,  40,  30])]
'5', [1, 0, 0, 2, 3, [0, 1, 1, 0], array([ 7,  5, 61, 10, 62, 17, 29,  9])]
'3', [1, 0, 0, 2, 3, [1, 0, 1, 0], array([13,  0, 25, 17, 61, 22, 44,  4])]
't', [1, 0, 0, 3, 3, [0, 2, 0, 1], array([ 0,  0, 19,  5, 78,  2,  2,  0])]
'a', [1, 0, 1, 2, 4, [1, 0, 0, 1], array([ 1,  8, 45, 14, 70, 15, 54,  0])]
'h', [1, 0, 1, 3, 3, [1, 0, 1, 1], array([  3,   6,  27,  10, 131,   1,   0,   0])]
'T', [1, 0, 1, 3, 3, [1, 1, 1, 0], array([ 0,  0, 57,  2, 82,  0,  0,  0])]
'Y', [1, 0, 1, 3, 3, [1, 1, 1, 0], array([25, 20, 45, 10, 76,  0,  0,  0])]
'y', [1, 0, 1, 3, 3, [1, 1, 1, 0], array([34,  0,  0,  0, 60, 27, 19, 22])]
'E', [1, 0, 1, 3, 4, [0, 2, 0, 1], array([  0,   0, 162,   0,  83,   0,   1,   0])]
'F', [1, 0, 1, 3, 4, [0, 2, 1, 0], array([ 0,  0, 90,  0, 81,  1,  1,  0])]
'm', [1, 0, 1, 3, 5, [0, 0, 2, 1], array([  4,   7,  39,  12, 156,   8,  16,   0])]
'f', [1, 0, 1, 4, 4, [1, 2, 1, 0], array([ 0,  0, 14,  0, 79,  4, 13,  0])]
',', [1, 0, 1, 4, 4, [2, 1, 1, 0], array([ 0,  0, 25,  0, 49,  0, 24,  0])]
'H', [1, 0, 2, 4, 5, [1, 1, 1, 1], array([ 36,   0,  62,   0, 123,   1,   0,   0])]
'K', [1, 0, 2, 4, 5, [1, 1, 1, 1], array([43,  0, 24, 19, 90, 29, 33,  0])]
'k', [1, 0, 2, 4, 5, [1, 1, 1, 1], array([ 4, 26, 18, 21, 95,  1,  0,  0])]
'0', [1, 1, 0, 0, 1, [0, 0, 0, 0], array([62, 10, 30,  9, 67, 11, 26, 14])]
'D', [1, 1, 0, 0, 1, [0, 0, 0, 0], array([84,  0, 53, 11, 59, 15, 51,  0])]
'O', [1, 1, 0, 0, 1, [0, 0, 0, 0], array([48, 17, 45, 15, 57, 15, 43, 21])]
'o', [1, 1, 0, 0, 1, [0, 0, 0, 0], array([44,  6, 36,  9, 43, 11, 30, 12])]
'Q', [1, 1, 0, 1, 2, [0, 0, 0, 1], array([46, 19, 45, 13, 61, 12, 38, 21])]
'4', [1, 1, 0, 1, 3, [0, 0, 0, 1], array([52,  0, 41,  1, 56, 17, 23,  0])]
'@', [1, 1, 0, 1, 3, [0, 0, 0, 1], array([ 23,  19, 153,  35, 181,  48,  89,   9])]
'e', [1, 1, 1, 1, 3, [0, 0, 0, 1], array([25, 18, 67, 19, 41,  2, 50,  0])]
'P', [1, 1, 1, 1, 3, [0, 0, 1, 0], array([44,  0, 47, 10, 66,  7, 52,  0])]
'6', [1, 1, 1, 1, 3, [0, 1, 0, 0], array([29, 12, 50, 16, 72, 22, 34, 12])]
'd', [1, 1, 1, 1, 3, [0, 1, 0, 0], array([41,  8, 33,  8, 78,  7, 29, 14])]
'b', [1, 1, 1, 1, 3, [1, 0, 0, 0], array([43,  9, 27, 12, 74,  9, 30,  9])]
'p', [1, 1, 1, 1, 4, [0, 0, 1, 0], array([44,  6, 33,  7, 77, 11, 28, 11])]
'A', [1, 1, 2, 2, 5, [0, 0, 1, 1], array([40, 12, 16, 28, 76, 12, 46,  1])]
'R', [1, 1, 2, 2, 5, [0, 0, 1, 1], array([40,  0, 64, 29, 89, 11, 50,  1])]
'#', [1, 1, 2, 8, 12, [2, 2, 2, 2], array([51,  8, 51,  0, 99, 17, 53,  0])]
'&', [1, 2, 1, 1, 4, [0, 0, 0, 1], array([53, 13, 53, 16, 53, 18, 44, 10])]
'8', [1, 2, 2, 0, 4, [0, 0, 0, 0], array([50, 19, 53, 18, 52, 16, 38, 15])]
'B', [1, 2, 2, 0, 4, [0, 0, 0, 0], array([68,  6, 98,  7, 71,  6, 54,  8])]
':', [2, 0, 0, 1, 0, [0, 1, 0, 0], array([0, 0, 0, 0, 0, 0, 0, 0])]
'j', [2, 0, 0, 1, 0, [0, 1, 0, 0], array([ 0,  0,  0,  0, 80,  6,  7,  0])]
'i', [2, 0, 0, 1, 0, [1, 0, 0, 0], array([ 0,  0,  0,  0, 57,  0,  0,  0])]
'N', [2, 0, 0, 1, 2, [0, 1, 0, 0], array([ 31,   0,   0,   0, 144,   1,  25,  34])]
'w', [2, 0, 0, 1, 2, [0, 1, 0, 0], array([67, 10, 13, 16, 78, 17,  9, 16])]
'!', [2, 0, 0, 2, 1, [0, 1, 0, 1], array([ 0,  0,  0,  3, 54,  3,  0,  0])]
'=', [2, 0, 0, 2, 1, [1, 1, 0, 0], array([  0,   0, 100,   0,   0,   0,   0,   0])]
'"', [2, 0, 0, 2, 1, [2, 0, 0, 0], array([ 0,  0,  0,  3, 36,  4,  0,  0])]
';', [2, 0, 0, 2, 1, [2, 0, 0, 0], array([ 0,  0,  0,  3, 15,  4,  1,  0])]
'?', [2, 0, 0, 2, 2, [1, 0, 0, 1], array([ 0,  0, 16,  7, 62, 13, 35,  0])]
'g', [2, 0, 0, 2, 4, [0, 0, 1, 1], array([  8,   6,  50,  16, 114,  17,  43,   6])]
'n', [2, 0, 1, 2, 3, [0, 0, 1, 1], array([  0,   0,  13,   5, 113,   6,  18,   0])]
'+', [2, 0, 1, 4, 4, [1, 2, 0, 0], array([ 3,  3, 22, 10, 29,  7,  2,  0])]
'X', [2, 1, 0, 3, 3, [1, 1, 0, 1], array([25, 12, 61, 27, 92,  7, 30,  0])]
'9', [2, 1, 1, 0, 2, [0, 0, 0, 0], array([37, 12, 28,  8, 68, 21, 59, 17])]
'q', [2, 1, 1, 1, 4, [0, 0, 0, 1], array([44,  7, 32,  7, 77, 10, 26, 11])]
'x', [2, 1, 1, 3, 4, [1, 1, 0, 1], array([12, 15, 17, 44, 30, 18,  6,  0])]
'$', [2, 1, 2, 3, 7, [0, 1, 1, 1], array([89,  1, 41, 25, 71, 16, 46, 11])]
'%', [3, 1, 0, 0, 1, [0, 0, 0, 0], array([ 63,  10,  37,  11, 148,  19,  84,  10])]
